frame_id,timestamp,mode,input_width,input_height,roi_w,roi_h,inf_time_ms,end_to_end_time_ms,cpu_load_pct,end_to_end_cpu_load_pct,fps,x_center,y_center,width,height,iou_prev_bbox,group1_magnitude,group1_angle,group2_magnitude,group2_angle,best_conf,tracking_lost,raw_angle,model_angle_smooth,trajectory_angle_smooth,estimated_speed,fused_angle,fused_weight_x,pid_mode,target_angle,angle_error,target_x,target_y,distance_error,ble_speed_left,ble_speed_right,post_ph4_spin_elapsed_s,post_ph4_re_rfb_elapsed_s
61,15:48:15.150,ROI,160,160,224,224,24.13,25.43,0.0,0.0,39.33,631.59,88.66,100.44,66.32,0.9747,12.9800,14.6800,3.6000,2.3400,0.8901,0,14.6800,14.9004,45.2610,0.0159,15.3751,0.9844,SET_TARGET_MEASURING,NaN,NaN,640.0,360.0,0.00,0,0,,
62,15:48:15.279,ROI,160,160,224,224,33.69,34.97,7.575,0.0,28.60,632.34,88.35,99.81,66.05,0.9761,12.6400,15.0200,4.4700,2.1100,0.8930,0,15.0200,14.8996,24.2093,0.0135,15.0236,0.9867,SET_TARGET_MEASURING,NaN,NaN,640.0,360.0,0.00,0,0,,
63,15:48:15.329,ROI,160,160,224,224,26.54,27.77,0.0,0.0,36.01,631.43,88.54,100.65,66.01,0.9765,13.0200,15.0400,3.0400,2.9300,0.8911,0,15.0400,14.9046,28.4283,0.0158,15.1143,0.9845,SET_TARGET_MEASURING,NaN,NaN,640.0,360.0,0.00,0,0,,
64,15:48:15.391,ROI,160,160,224,224,27.90,29.37,0.0,0.0,34.04,632.43,88.40,100.53,65.93,0.9762,12.5200,14.7600,4.6100,2.0100,0.8905,0,14.7600,14.8343,2.8827,0.0094,14.7228,0.9907,SET_TARGET_MEASURING,NaN,NaN,640.0,360.0,0.00,0,0,,
65,15:48:15.455,ROI,160,160,224,224,30.38,31.70,0.0,0.0,31.55,631.51,88.55,100.45,66.11,0.9774,13.1300,15.0300,3.2000,3.0400,0.8939,0,15.0300,14.8275,4.2000,0.0172,14.6474,0.9830,SET_TARGET_MEASURING,NaN,NaN,640.0,360.0,0.00,0,0,,
66,15:48:15.502,ROI,160,160,224,224,31.34,32.66,0.0,0.0,30.62,632.36,88.27,100.14,65.77,0.9750,12.7300,14.7100,4.5200,1.9700,0.8889,0,14.7100,14.7529,-1.9613,0.0070,14.6375,0.9931,SET_TARGET_MEASURING,NaN,NaN,640.0,360.0,0.00,0,0,,
67,15:48:15.567,ROI,160,160,224,224,27.77,29.13,11.95,0.0,34.33,631.47,88.47,100.16,65.80,0.9766,12.5500,14.8700,3.1800,3.0400,0.8883,0,14.8700,14.7595,0.2391,0.0129,14.5747,0.9873,SET_TARGET_MEASURING,NaN,NaN,640.0,360.0,0.00,0,0,,
68,15:48:15.630,ROI,160,160,224,224,26.32,27.65,0.0,0.0,36.17,632.37,88.21,99.81,65.93,0.9747,12.9500,15.1800,4.5100,2.3700,0.8928,0,15.1800,14.8308,-0.3081,0.0066,14.7323,0.9935,SET_TARGET_MEASURING,NaN,NaN,640.0,360.0,0.00,0,0,,
69,15:48:15.678,ROI,160,160,224,224,26.84,28.29,19.725,0.0,35.35,631.52,88.40,100.37,65.93,0.9778,13.1800,15.4800,3.1700,3.3800,0.8929,0,15.4800,14.9427,-3.7861,0.0077,14.7998,0.9924,SET_TARGET_MEASURING,NaN,NaN,640.0,360.0,0.00,0,0,,
70,15:48:15.790,ROI,160,160,224,224,25.92,27.46,0.0,28.45,36.42,632.40,88.28,100.02,66.01,0.9794,13.0300,15.2900,4.4700,2.3600,0.8955,0,15.2900,15.0225,0.1848,0.0106,14.8671,0.9895,SET_TARGET_MEASURING,NaN,NaN,640.0,360.0,0.00,0,0,,
71,15:48:15.853,ROI,160,160,224,224,23.14,24.13,11.175,0.0,41.44,631.48,88.47,100.16,66.05,0.9765,13.0000,15.1900,3.2300,3.1100,0.8909,0,15.1900,15.0875,-7.2956,0.0082,14.9055,0.9919,SET_TARGET_MEASURING,NaN,NaN,640.0,360.0,0.00,0,0,,
72,15:48:15.917,ROI,160,160,224,224,22.26,25.56,0.0,0.0,39.12,632.22,88.17,99.65,65.70,0.9767,12.9200,15.1900,4.5500,2.3200,0.8920,0,15.1900,15.1531,3.3375,0.0146,14.9832,0.9856,SET_TARGET_MEASURING,NaN,NaN,640.0,360.0,0.00,0,0,,
73,15:48:15.967,ROI,160,160,224,224,23.66,25.10,0.0,0.0,39.84,631.55,88.45,100.27,66.02,0.9784,13.0000,15.2400,3.1300,3.1500,0.8923,0,15.2400,15.2194,-4.8534,0.0140,14.9418,0.9862,SET_TARGET_MEASURING,NaN,NaN,640.0,360.0,0.00,0,0,,
74,15:48:16.030,ROI,160,160,224,224,21.80,23.00,0.0,0.0,43.49,632.36,88.10,100.00,65.72,0.9737,12.8500,15.0500,4.4100,2.3600,0.8917,0,15.0500,15.2347,7.2487,0.0200,15.0781,0.9804,SET_TARGET_MEASURING,NaN,NaN,640.0,360.0,0.00,0,0,,
75,15:48:16.093,ROI,160,160,224,224,22.05,23.49,0.0,0.0,42.57,631.66,88.42,100.02,65.88,0.9767,13.1000,15.1700,3.0600,3.0000,0.8955,0,15.1700,15.2706,-0.0808,0.0175,15.0067,0.9828,SET_TARGET_MEASURING,NaN,NaN,640.0,360.0,0.00,0,0,,
76,15:48:16.141,ROI,160,160,224,224,25.72,27.13,0.0,0.0,36.86,632.44,88.26,100.11,66.00,0.9796,12.5800,14.7700,4.4000,2.2300,0.8954,0,14.7700,15.1923,9.0311,0.0187,15.0791,0.9816,SET_TARGET_MEASURING,NaN,NaN,640.0,360.0,0.00,0,0,,
77,15:48:16.271,ROI,160,160,224,224,22.12,23.41,0.0,0.0,42.71,631.48,88.44,100.20,65.98,0.9757,12.5100,14.7200,3.2600,2.8100,0.8911,0,14.7200,15.1016,3.0265,0.0143,14.9308,0.9859,SET_TARGET_MEASURING,NaN,NaN,640.0,360.0,0.00,0,0,,
78,15:48:16.317,ROI,160,160,224,224,21.75,22.80,0.0,17.15,43.87,632.53,88.21,100.21,66.16,0.9728,12.5600,14.7800,4.5900,2.1900,0.8973,0,14.7800,15.0404,7.6199,0.0182,14.9075,0.9821,SET_TARGET_MEASURING,NaN,NaN,640.0,360.0,0.00,0,0,,
79,15:48:16.381,ROI,160,160,224,224,22.46,23.74,9.35,0.0,42.12,631.45,88.54,100.34,66.32,0.9695,12.9800,14.9500,3.3000,2.9900,0.8946,0,14.9500,14.9916,3.3350,0.0063,14.9189,0.9938,SET_TARGET_MEASURING,NaN,NaN,640.0,360.0,0.00,0,0,,
80,15:48:16.447,ROI,160,160,224,224,22.26,23.20,0.0,0.0,43.10,632.37,88.31,100.25,66.35,0.9753,12.5000,14.8000,4.5900,2.1800,0.8943,0,14.8000,14.9452,3.8609,0.0131,14.8021,0.9871,SET_TARGET_MEASURING,NaN,NaN,640.0,360.0,0.00,0,0,,
81,15:48:16.494,ROI,160,160,224,224,23.56,24.81,16.875,0.0,40.30,631.45,88.44,100.38,66.26,0.9782,12.9200,15.0300,3.6200,2.6500,0.8943,0,15.0300,14.9519,6.0993,0.0074,14.8870,0.9927,SET_TARGET_MEASURING,NaN,NaN,640.0,360.0,0.00,0,0,,
82,15:48:16.557,ROI,160,160,224,224,21.57,22.80,0.0,0.0,43.86,632.19,88.31,100.10,66.19,0.9817,12.4300,14.7500,4.6300,2.2800,0.8915,0,14.7500,14.8704,0.4800,0.0065,14.7774,0.9935,SET_TARGET_MEASURING,NaN,NaN,640.0,360.0,0.00,0,0,,
83,15:48:16.621,ROI,160,160,224,224,25.26,26.38,0.0,0.0,37.91,631.43,88.55,100.10,66.35,0.9779,12.9800,14.8700,3.2100,2.7300,0.8938,0,14.8700,14.8436,9.3883,0.0125,14.7762,0.9876,SET_TARGET_MEASURING,NaN,NaN,640.0,360.0,0.00,0,0,,
84,15:48:16.670,ROI,160,160,224,224,27.03,28.28,0.0,0.0,35.36,632.18,88.33,99.90,66.19,0.9785,12.3000,14.5700,4.5300,2.0100,0.8913,0,14.5700,14.7227,-11.2131,0.0046,14.6042,0.9954,SET_TARGET_MEASURING,NaN,NaN,640.0,360.0,0.00,0,0,,
85,15:48:16.782,ROI,160,160,224,224,21.42,22.59,0.0,17.3,44.26,631.41,88.55,100.44,66.43,0.9783,12.8500,14.7600,3.6700,2.5400,0.8945,0,14.7600,14.6609,-1.8162,0.0187,14.3577,0.9816,SET_TARGET_MEASURING,NaN,NaN,640.0,360.0,0.00,0,0,,
86,15:48:16.846,ROI,160,160,224,224,19.56,20.59,0.0,0.0,48.57,632.18,88.30,100.02,66.25,0.9775,12.4400,14.8900,4.6000,2.4500,0.8931,0,14.8900,14.6620,10.7326,0.0065,14.6367,0.9936,SET_TARGET_MEASURING,NaN,NaN,640.0,360.0,0.00,0,0,,
87,15:48:16.910,ROI,160,160,224,224,27.76,29.20,0.0,0.0,34.25,631.43,88.51,100.45,66.36,0.9790,12.8800,14.7800,3.3100,2.7000,0.8941,0,14.7800,14.6791,14.4418,0.0206,14.6743,0.9799,SET_TARGET_MEASURING,NaN,NaN,640.0,360.0,0.00,0,0,,
88,15:48:16.957,ROI,160,160,224,224,25.49,27.02,0.0,0.0,37.01,632.30,88.42,100.07,66.29,0.9802,12.3300,14.5200,4.8300,2.3200,0.8924,0,14.5200,14.6342,31.0560,0.0086,14.7750,0.9914,SET_TARGET_MEASURING,NaN,NaN,640.0,360.0,0.00,0,0,,
89,15:48:17.021,ROI,160,160,224,224,24.96,26.01,0.0,0.0,38.45,631.37,88.47,100.46,66.30,0.9803,12.5100,14.8700,3.7500,2.4400,0.8937,0,14.8700,14.6632,31.4639,0.0223,15.0291,0.9782,SET_TARGET_MEASURING,NaN,NaN,640.0,360.0,0.00,0,0,,
90,15:48:17.085,ROI,160,160,224,224,21.60,22.82,0.0,0.0,43.82,632.04,88.30,99.68,66.00,0.9818,12.5700,14.7800,4.7700,2.3700,0.8876,0,14.7800,14.6795,40.5533,0.0117,14.9799,0.9884,SET_TARGET_MEASURING,NaN,NaN,640.0,360.0,0.00,0,0,,
91,15:48:17.133,ROI,160,160,224,224,21.51,22.39,15.2,0.0,44.67,631.40,88.54,100.25,66.39,0.9803,12.9800,15.2100,3.2900,3.2500,0.8952,0,15.2100,14.7965,35.4357,0.0268,15.3350,0.9739,SET_TARGET_MEASURING,NaN,NaN,640.0,360.0,0.00,0,0,,
92,15:48:17.262,ROI,160,160,224,224,20.19,21.32,0.0,0.0,46.91,632.25,88.26,100.23,66.26,0.9750,12.4300,14.9600,4.6700,2.3800,0.8938,0,14.9600,14.8418,41.4900,0.0089,15.0762,0.9912,SET_TARGET_MEASURING,NaN,NaN,640.0,360.0,0.00,0,0,,
93,15:48:17.310,ROI,160,160,224,224,24.70,26.05,0.0,15.0,38.39,631.45,88.37,100.25,66.26,0.9810,12.5100,14.9700,3.2600,2.9300,0.8944,0,14.9700,14.9040,31.8173,0.0198,15.2322,0.9806,SET_TARGET_MEASURING,NaN,NaN,640.0,360.0,0.00,0,0,,
94,15:48:17.374,ROI,160,160,224,224,23.83,25.06,0.0,0.0,39.90,632.26,88.26,100.10,66.25,0.9807,12.5200,14.7100,5.1200,3.4400,0.8952,0,14.7100,14.8720,19.1936,0.0027,14.8837,0.9973,SET_TARGET_MEASURING,NaN,NaN,640.0,360.0,0.00,0,0,,
95,15:48:17.438,ROI,160,160,224,224,17.19,18.19,0.0,0.0,54.98,631.57,88.41,100.44,66.33,0.9817,12.6500,15.1200,3.3400,2.9300,0.8978,0,15.1200,14.9195,8.9022,0.0129,14.8429,0.9873,SET_TARGET_MEASURING,NaN,NaN,640.0,360.0,0.00,0,0,,
96,15:48:17.486,ROI,160,160,224,224,26.60,27.62,0.0,0.0,36.21,632.22,88.26,99.86,66.15,0.9825,12.4500,14.7500,4.5900,2.2000,0.8927,0,14.7500,14.8909,19.7362,0.0101,14.9394,0.9900,SET_TARGET_MEASURING,NaN,NaN,640.0,360.0,0.00,0,0,,
97,15:48:17.549,ROI,160,160,224,224,22.83,24.00,0.0,0.0,41.67,631.59,88.45,100.21,66.25,0.9818,12.4900,14.9100,3.3600,2.9800,0.8946,0,14.9100,14.9145,2.0862,0.0057,14.8419,0.9943,SET_TARGET_MEASURING,NaN,NaN,640.0,360.0,0.00,0,0,,
98,15:48:17.664,ROI,160,160,224,224,22.34,23.73,4.3,0.0,42.14,632.11,88.30,99.64,65.97,0.9852,12.2900,14.8000,4.7200,2.2600,0.8912,0,14.8000,14.8996,7.4472,0.0126,14.8070,0.9876,SET_TARGET_MEASURING,NaN,NaN,640.0,360.0,0.00,0,0,,
99,15:48:17.725,ROI,160,160,224,224,24.28,25.61,0.0,0.0,39.05,631.44,88.48,100.07,66.01,0.9814,12.4300,14.8900,3.5600,2.6400,0.8912,0,14.8900,14.9287,-8.4929,0.0052,14.8072,0.9948,SET_TARGET_MEASURING,NaN,NaN,640.0,360.0,0.00,0,0,,
100,15:48:17.774,ROI,160,160,224,224,23.86,25.85,0.0,0.0,38.68,632.09,88.28,99.92,66.08,0.9812,12.2900,14.5800,4.8100,2.2600,0.8914,0,14.5800,14.8656,-2.5103,0.0115,14.6681,0.9886,SET_TARGET_MEASURING,NaN,NaN,640.0,360.0,0.00,0,0,,
101,15:48:17.838,ROI,160,160,224,224,23.11,24.23,0.0,0.0,41.26,631.45,88.54,100.20,66.23,0.9799,12.9000,14.9000,3.8000,2.7500,0.8930,0,14.9000,14.8844,-7.1563,0.0056,14.7613,0.9944,SET_TARGET_MEASURING,NaN,NaN,640.0,360.0,0.00,0,0,,
102,15:48:17.903,ROI,160,160,224,224,24.06,25.28,0.0,15.45,39.55,632.06,88.35,99.76,66.16,0.9825,12.2700,14.6000,5.2000,3.2000,0.8903,0,14.6000,14.8079,-11.3848,0.0070,14.6249,0.9930,SET_TARGET_MEASURING,NaN,NaN,640.0,360.0,0.00,0,0,,
103,15:48:17.952,ROI,160,160,224,224,25.67,26.77,0.0,14.6,37.36,631.38,88.44,100.23,66.12,0.9840,12.9900,15.3500,3.3100,3.1900,0.8921,0,15.3500,14.9055,-12.4449,0.0093,14.6524,0.9907,SET_TARGET_MEASURING,NaN,NaN,640.0,360.0,0.00,0,0,,
104,15:48:18.078,ROI,160,160,224,224,21.42,22.66,3.925,0.0,44.13,632.20,88.31,99.83,66.07,0.9800,12.4700,14.7200,4.6900,2.1700,0.8937,0,14.7200,14.8782,-3.3847,0.0054,14.7795,0.9946,SET_TARGET_MEASURING,NaN,NaN,640.0,360.0,0.00,0,0,,
105,15:48:18.126,ROI,160,160,224,224,24.32,25.72,15.65,0.0,38.88,631.68,88.54,100.41,66.25,0.9829,12.9200,14.7900,3.3800,3.2000,0.8951,0,14.7900,14.8561,0.8867,0.0057,14.7769,0.9943,SET_TARGET_MEASURING,NaN,NaN,631.9,88.4,0.00,0,0,,
106,15:48:18.190,ROI,160,160,224,224,29.09,30.27,0.0,0.0,33.04,632.47,88.40,100.17,66.26,0.9802,12.3300,14.4400,4.7900,2.1900,0.8906,0,14.4400,14.7332,3.5390,0.0158,14.5590,0.9844,SET_TARGET_DRIVE,NaN,NaN,631.9,88.4,0.00,0,0,,
107,15:48:18.254,ROI,160,160,224,224,26.68,28.07,0.0,0.0,35.63,631.52,88.55,100.27,66.35,0.9768,12.9900,15.1900,3.5800,3.1000,0.8946,0,15.1900,14.8042,24.7149,0.0078,14.8811,0.9922,SET_TARGET_DRIVE,NaN,NaN,631.9,88.4,0.00,0,0,,
108,15:48:18.302,ROI,160,160,224,224,23.99,25.33,0.0,0.0,39.48,632.29,88.37,99.69,66.21,0.9795,12.9400,15.1500,5.2600,3.7800,0.8969,0,15.1500,14.8513,20.1953,0.0136,14.9232,0.9865,SET_TARGET_DRIVE,NaN,NaN,631.9,88.4,0.00,0,0,,
109,15:48:18.365,ROI,160,160,224,224,25.95,27.43,0.0,0.0,36.45,631.52,88.55,100.42,66.33,0.9795,12.9700,15.2400,3.7000,3.1600,0.8934,0,15.2400,14.9581,36.3940,0.0114,15.1995,0.9887,SET_TARGET_DRIVE,NaN,NaN,631.9,88.4,0.00,0,0,,
110,15:48:18.413,ROI,160,160,224,224,19.56,20.53,0.0,0.0,48.72,632.34,88.47,100.11,66.37,0.9813,12.4400,14.8000,4.6500,2.3600,0.8922,0,14.8000,14.9466,27.7125,0.0166,15.1546,0.9837,SET_TARGET_DRIVE,NaN,NaN,631.9,88.4,0.00,0,0,,
111,15:48:18.543,ROI,160,160,224,224,23.39,24.63,3.575,0.0,40.59,631.62,88.31,99.95,66.12,0.9811,12.0700,14.4800,3.5300,2.5000,0.8889,0,14.4800,14.8735,46.1618,0.0073,15.1011,0.9927,SET_TARGET_DRIVE,NaN,NaN,631.9,88.4,0.00,0,0,,
112,15:48:18.589,ROI,160,160,224,224,20.59,21.90,18.425,0.0,45.65,633.00,88.21,100.86,66.65,0.9652,11.2300,13.4000,4.6200,0.7700,0.8680,0,13.4000,14.5591,34.0135,0.0281,15.0909,0.9727,SET_TARGET_DRIVE,NaN,NaN,631.9,88.4,0.00,0,0,,
113,15:48:18.655,ROI,160,160,224,224,17.92,19.16,8.85,0.0,52.20,634.32,87.93,101.26,66.47,0.9663,10.1800,13.0900,3.9400,2.1200,0.8626,0,13.0900,14.2497,29.5307,0.0635,15.1626,0.9403,SET_TARGET_DRIVE,NaN,NaN,631.9,88.4,0.00,0,0,,
114,15:48:18.716,ROI,160,160,224,224,16.46,17.62,9.2,0.0,56.76,636.18,87.18,101.70,66.65,0.9426,12.5600,15.9200,0.0000,0.0000,0.9053,0,15.9200,14.5141,31.8882,0.1414,16.6661,0.8761,SET_TARGET_DRIVE,NaN,NaN,631.9,88.4,0.00,0,0,,
115,15:48:18.765,ROI,160,160,224,224,19.31,20.53,12.7,0.0,48.71,638.48,87.49,103.81,66.65,0.9477,12.0900,15.0400,0.0000,0.0000,0.8869,0,15.0400,14.5956,25.0760,0.2366,16.6011,0.8086,SET_TARGET_DRIVE,NaN,NaN,631.9,88.4,0.00,0,0,,
116,15:48:18.829,ROI,160,160,224,224,18.35,19.52,8.875,20.025,51.22,638.42,87.11,105.13,65.72,0.9738,11.7900,15.9100,0.0000,0.0000,0.8611,0,15.9100,14.8407,25.2788,0.3283,17.4204,0.7529,SET_TARGET_DRIVE,NaN,NaN,631.9,88.4,0.00,0,0,,
117,15:48:18.893,ROI,160,160,224,224,16.08,17.20,8.825,0.0,58.14,641.21,86.73,105.63,66.08,0.9379,12.3600,16.7900,0.0000,0.0000,0.8826,0,16.7900,15.2564,16.5701,0.4424,15.6594,0.6933,SET_TARGET_DRIVE,NaN,NaN,631.9,88.4,0.00,0,0,,
118,15:48:18.941,ROI,160,160,224,224,19.13,20.29,12.725,0.0,49.28,642.20,86.59,108.02,67.07,0.9633,12.1700,16.4300,2.3100,2.9900,0.8912,0,16.4300,15.5307,17.0140,0.5670,16.0674,0.6381,SET_TARGET_DRIVE,NaN,NaN,631.9,88.4,0.00,0,0,,
119,15:48:19.070,ROI,160,160,224,224,16.77,17.73,0.0,0.0,56.39,648.36,85.34,110.17,67.10,0.8623,12.6600,14.1400,3.7800,6.9100,0.8750,0,14.1400,15.3394,11.3576,0.7674,13.6105,0.5658,SET_TARGET_DRIVE,NaN,NaN,631.9,88.4,0.00,0,0,,
120,15:48:19.118,ROI,160,160,224,224,18.67,19.63,0.0,19.9,50.93,649.76,84.99,111.61,68.43,0.9561,12.2700,13.1200,0.0000,0.0000,0.8214,0,13.1200,14.9192,10.7757,0.9701,12.8790,0.5076,SET_TARGET_DRIVE,NaN,NaN,631.9,88.4,0.00,0,0,,
121,15:48:19.180,ROI,160,160,224,224,21.23,22.31,0.0,0.0,44.82,653.14,84.20,110.73,68.42,0.9199,14.4700,15.6400,0.0000,0.0000,0.8733,0,15.6400,15.1242,7.3372,1.1830,10.9043,0.4581,SET_TARGET_DRIVE,NaN,NaN,631.9,88.4,0.00,0,0,,
122,15:48:19.230,ROI,160,160,224,224,28.90,30.31,14.425,0.0,32.99,653.53,83.22,106.19,67.02,0.9318,12.1500,13.3000,0.0000,0.0000,0.8105,0,13.3000,14.7751,6.9503,1.3766,10.2428,0.4208,SET_TARGET_DRIVE,NaN,NaN,631.9,88.4,0.00,0,0,,
123,15:48:19.293,ROI,160,160,224,224,22.76,23.98,11.775,16.3,41.70,656.14,82.80,107.02,68.47,0.9325,15.4800,16.5700,0.0000,0.0000,0.8497,0,16.5700,15.1281,6.4623,1.5603,9.8470,0.3906,SET_TARGET_DRIVE,NaN,NaN,631.9,88.4,0.00,0,0,,
124,15:48:19.358,ROI,160,160,224,224,22.57,23.90,19.3,0.0,41.84,657.20,82.46,110.49,68.05,0.9593,14.8800,15.4900,0.0000,0.0000,0.8346,0,15.4900,15.1898,2.1653,1.7275,6.9405,0.3666,SET_TARGET_DRIVE,NaN,NaN,631.9,88.4,0.00,0,0,,
125,15:48:19.407,ROI,160,160,224,224,18.38,19.67,15.375,19.875,50.85,661.20,81.51,109.17,68.66,0.9052,15.2700,17.1200,0.0000,0.0000,0.8487,0,17.1200,15.6501,9.5551,1.8956,11.6600,0.3454,SET_TARGET_DRIVE,NaN,NaN,631.9,88.4,0.00,0,0,,
126,15:48:19.535,ROI,160,160,224,224,28.41,29.70,3.6,26.3,33.67,666.00,79.04,106.92,65.32,0.8522,14.8200,17.3100,0.0000,0.0000,0.8947,0,17.3100,16.1110,5.1869,2.1081,8.7017,0.3217,SET_TARGET_DRIVE,NaN,NaN,631.9,88.4,0.00,0,0,,
127,15:48:19.581,ROI,160,160,224,224,24.85,26.12,23.75,59.8,38.28,666.18,78.99,106.79,65.91,0.9878,13.8700,16.4200,2.3800,5.0900,0.8723,0,16.4200,16.3618,11.6169,2.2367,13.0829,0.3090,SET_TARGET_DRIVE,NaN,NaN,631.9,88.4,0.00,0,0,,
128,15:48:19.646,ROI,160,160,224,224,28.80,30.22,20.15,12.925,33.10,670.03,78.09,106.62,65.37,0.9060,14.3500,17.2000,2.5300,6.2300,0.8952,0,17.2000,16.7027,6.6602,2.3767,9.6342,0.2961,SET_TARGET_DRIVE,NaN,NaN,631.9,88.4,0.00,0,0,,
129,15:48:19.710,ROI,160,160,224,224,25.82,27.06,0.0,14.425,36.95,671.67,78.04,106.64,65.56,0.9670,14.6000,18.7000,0.0000,0.0000,0.8721,0,18.7000,17.2729,15.6860,2.4513,16.1458,0.2897,SET_TARGET_DRIVE,NaN,NaN,631.9,88.4,0.00,0,0,,
130,15:48:19.757,ROI,160,160,224,224,21.66,22.97,0.0,0.0,43.53,672.32,77.32,105.50,64.89,0.9665,13.5300,20.2000,0.0000,0.0000,0.8381,0,20.2000,17.9561,15.2033,2.4816,15.9940,0.2872,SET_TARGET_DRIVE,NaN,NaN,631.9,88.4,0.00,0,0,,
131,15:48:19.822,ROI,160,160,224,224,25.12,26.36,9.35,14.825,37.94,676.13,77.56,105.42,67.38,0.8970,15.3100,21.1900,0.0000,0.0000,0.8913,0,21.1900,18.6882,15.3399,2.5174,16.2918,0.2843,SET_TARGET_DRIVE,NaN,NaN,631.9,88.4,0.00,0,0,,
132,15:48:19.885,ROI,160,160,224,224,25.87,27.09,10.65,0.0,36.91,677.12,77.32,104.76,67.23,0.9745,15.3000,19.7200,2.1800,5.6000,0.8800,0,19.7200,19.2918,16.0120,2.5215,16.9434,0.2840,SET_TARGET_DRIVE,NaN,NaN,631.9,88.4,0.00,0,0,,
133,15:48:19.934,ROI,160,160,224,224,27.51,28.76,17.6,13.575,34.77,680.70,76.44,104.97,66.95,0.9106,14.1600,19.3900,0.0000,0.0000,0.9049,0,19.3900,19.6634,16.3355,2.5449,17.2743,0.2821,SET_TARGET_DRIVE,NaN,NaN,631.9,88.4,0.00,0,0,,
134,15:48:20.062,ROI,160,160,224,224,20.06,21.41,3.925,18.25,46.70,685.00,74.09,106.58,67.17,0.8616,16.7700,19.5000,0.0000,0.0000,0.9194,0,19.5000,20.0778,16.7060,2.5631,17.6523,0.2807,SET_TARGET_DRIVE,NaN,NaN,631.9,88.4,0.00,0,0,,
135,15:48:20.110,ROI,160,160,224,224,23.65,25.00,14.85,0.0,40.01,686.84,73.84,105.78,66.33,0.9539,15.7400,18.6300,0.0000,0.0000,0.9095,0,18.6300,20.3490,16.9892,2.5683,17.9308,0.2802,SET_TARGET_DRIVE,NaN,NaN,631.9,88.4,0.00,0,0,,
136,15:48:20.175,ROI,160,160,224,224,23.21,24.55,9.775,0.0,40.73,688.28,72.60,105.59,66.82,0.9382,16.3200,20.0900,0.0000,0.0000,0.8944,0,20.0900,20.8467,17.2510,2.5256,18.2709,0.2836,SET_TARGET_DRIVE,NaN,NaN,631.9,88.4,0.00,0,0,,
137,15:48:20.221,ROI,160,160,224,224,24.40,25.97,17.95,30.075,38.50,689.88,73.29,106.22,64.82,0.9418,15.6100,19.2400,0.0000,0.0000,0.8988,0,19.2400,20.8518,17.3381,2.5296,18.3336,0.2833,SET_TARGET_DRIVE,NaN,NaN,631.9,88.4,0.00,0,0,,
138,15:48:20.285,ROI,160,160,224,224,19.53,20.81,20.75,37.55,48.06,693.38,71.19,104.54,66.28,0.8794,17.9300,20.6600,0.0000,0.0000,0.8892,0,20.6600,20.9447,17.3548,2.5421,18.3683,0.2823,SET_TARGET_DRIVE,NaN,NaN,631.9,88.4,0.00,0,0,,
139,15:48:20.349,ROI,160,160,224,224,21.82,23.10,8.95,0.0,43.29,694.46,70.97,103.67,65.02,0.9611,17.5700,18.8300,0.0000,0.0000,0.8944,0,18.8300,20.8108,17.2832,2.5475,18.2776,0.2819,SET_TARGET_DRIVE,NaN,NaN,631.9,88.4,0.00,0,0,,
140,15:48:20.463,ROI,160,160,224,224,19.48,20.81,0.0,18.775,48.05,699.61,70.17,106.89,69.86,0.8456,18.3700,22.3100,0.0000,0.0000,0.8447,0,22.3100,21.0732,17.1994,2.5668,18.2855,0.2804,SET_TARGET_DRIVE,NaN,NaN,631.9,88.4,0.00,0,0,,
141,15:48:20.525,ROI,160,160,224,224,24.78,26.34,9.35,0.0,37.96,701.56,70.31,103.57,67.91,0.9369,17.1000,19.4000,0.0000,0.0000,0.8697,0,19.4000,20.9453,16.9937,2.5708,18.1003,0.2800,SET_TARGET_DRIVE,NaN,NaN,631.9,88.4,0.00,0,0,,
142,15:48:20.574,ROI,160,160,224,224,20.87,22.19,17.275,17.6,45.07,704.08,69.58,104.34,67.73,0.9329,17.7200,19.3200,0.0000,0.0000,0.8851,0,19.3200,20.6313,16.6794,2.5456,17.7940,0.2820,SET_TARGET_DRIVE,NaN,NaN,631.9,88.4,0.00,0,0,,
143,15:48:20.637,ROI,160,160,224,224,19.97,21.36,9.65,18.275,46.82,705.99,68.56,104.65,67.80,0.9360,16.8400,18.7500,0.0000,0.0000,0.9062,0,18.7500,20.3146,16.2922,2.5378,17.4292,0.2827,SET_TARGET_DRIVE,NaN,NaN,631.9,88.4,0.00,0,0,,
144,15:48:20.701,ROI,160,160,224,224,22.42,23.64,9.15,0.0,42.30,708.85,67.70,105.42,67.16,0.9239,17.3700,21.6400,0.0000,0.0000,0.8804,0,21.6400,20.5819,16.0055,2.5895,17.2804,0.2786,SET_TARGET_DRIVE,NaN,NaN,631.9,88.4,0.00,0,0,,
145,15:48:20.750,ROI,160,160,224,224,20.35,21.63,15.15,18.05,46.23,709.61,66.43,104.31,66.56,0.9490,17.3500,24.2900,0.0000,0.0000,0.8719,0,24.2900,21.2167,15.8963,2.5723,17.3856,0.2799,SET_TARGET_DRIVE,NaN,NaN,631.9,88.4,0.00,0,0,,
146,15:48:20.878,ROI,160,160,224,224,44.11,45.52,7.35,8.575,21.97,712.60,65.14,103.01,65.87,0.9089,17.8200,27.7400,0.0000,0.0000,0.9058,0,27.7400,22.5063,15.9568,2.5964,17.7779,0.2781,SET_TARGET_DRIVE,NaN,NaN,631.9,88.4,0.00,0,0,,
147,15:48:20.938,ROI,160,160,224,224,25.08,26.40,27.825,14.8,37.88,715.37,65.27,103.59,68.96,0.9061,15.5000,28.4700,0.0000,0.0000,0.8710,0,28.4700,23.9271,16.0641,2.6058,18.2448,0.2773,SET_TARGET_DRIVE,NaN,NaN,631.9,88.4,0.00,0,0,,
148,15:48:20.989,ROI,160,160,224,224,20.24,21.55,0.0,18.125,46.41,716.51,65.35,103.04,68.42,0.9705,14.8500,26.5700,0.0000,0.0000,0.8440,0,26.5700,24.9542,16.2505,2.5562,18.6980,0.2812,SET_TARGET_DRIVE,NaN,NaN,631.9,88.4,0.00,0,0,,
149,15:48:21.037,ROI,160,160,224,224,23.31,24.68,29.75,110.8,40.52,719.43,64.12,102.24,66.79,0.9117,15.1500,27.1900,0.0000,0.0000,0.8354,0,27.1900,26.1065,16.3802,2.5376,19.1296,0.2827,SET_TARGET_DRIVE,NaN,NaN,631.9,88.4,0.00,0,0,,
150,15:48:21.102,ROI,160,160,224,224,19.08,20.37,9.65,19.175,49.10,720.32,63.85,103.31,68.82,0.9540,14.9100,28.8600,0.0000,0.0000,0.8259,0,28.8600,27.3320,16.4622,2.4616,19.6023,0.2889,SET_TARGET_DRIVE,NaN,NaN,631.9,88.4,0.00,0,0,,
151,15:48:21.166,ROI,160,160,224,224,21.30,22.59,9.025,0.0,44.28,721.75,63.34,103.78,67.55,0.9550,14.6100,27.6500,0.0000,0.0000,0.8130,0,27.6500,28.1128,16.4422,2.3912,19.8837,0.2949,SET_TARGET_DRIVE,NaN,NaN,631.9,88.4,0.00,0,0,,
152,15:48:21.214,ROI,160,160,224,224,22.86,24.20,15.425,16.15,41.33,726.07,61.98,103.18,66.49,0.8847,17.2300,27.5100,0.0000,0.0000,0.8827,0,27.5100,28.7323,16.4880,2.4051,20.0839,0.2937,SET_TARGET_DRIVE,NaN,NaN,631.9,88.4,0.00,0,0,,
153,15:48:21.344,ROI,160,160,224,224,33.11,34.49,3.7,11.325,28.99,729.54,61.49,105.95,66.93,0.9224,17.2200,26.2200,0.0000,0.0000,0.8730,0,26.2200,28.8505,16.5030,2.4277,20.1053,0.2917,SET_TARGET_DRIVE,NaN,NaN,631.9,88.4,0.00,0,0,,
154,15:48:21.395,ROI,160,160,224,224,26.23,27.53,0.0,14.2,36.33,730.27,60.86,105.70,66.89,0.9680,13.9300,31.6200,0.0000,0.0000,0.7613,0,31.6200,30.1031,16.6318,2.4079,20.5848,0.2934,SET_TARGET_DRIVE,NaN,NaN,631.9,88.4,0.00,0,0,,
155,15:48:21.454,ROI,160,160,224,224,31.00,32.30,12.525,12.1,30.96,734.07,59.77,103.92,64.34,0.8955,16.7200,28.3400,0.0000,0.0000,0.8351,0,28.3400,30.3876,16.6956,2.3936,20.7302,0.2947,SET_TARGET_DRIVE,NaN,NaN,631.9,88.4,0.00,0,0,,
156,15:48:21.518,ROI,160,160,224,224,30.57,31.87,0.0,12.25,31.38,734.22,60.49,106.44,66.42,0.9459,15.7100,28.3500,0.0000,0.0000,0.8200,0,28.3500,30.6723,16.7642,2.3604,20.9030,0.2976,SET_TARGET_DRIVE,NaN,NaN,631.9,88.4,0.00,0,0,,
157,15:48:21.566,ROI,160,160,224,224,28.02,29.28,0.0,26.675,34.15,737.50,59.63,104.58,65.11,0.9159,16.3600,26.7300,0.0000,0.0000,0.8409,0,26.7300,30.2871,16.8172,2.3210,20.8732,0.3011,SET_TARGET_DRIVE,NaN,NaN,631.9,88.4,0.00,0,0,,
158,15:48:21.631,ROI,160,160,224,224,26.41,27.73,10.975,28.175,36.06,738.06,60.17,103.63,65.35,0.9729,15.2900,27.9700,0.0000,0.0000,0.7949,0,27.9700,30.4039,16.7415,2.2981,20.8840,0.3032,SET_TARGET_DRIVE,NaN,NaN,631.9,88.4,0.00,0,0,,
159,15:48:21.680,ROI,160,160,224,224,34.91,36.25,18.225,0.0,27.59,739.16,59.92,103.99,65.17,0.9716,15.0700,25.7400,0.0000,0.0000,0.7848,0,25.7400,29.6415,16.4357,2.2493,20.5000,0.3078,SET_TARGET_DRIVE,NaN,NaN,631.9,88.4,0.00,0,0,,
160,15:48:21.808,ROI,160,160,224,224,36.67,37.96,17.0,20.575,26.34,740.37,59.93,104.76,66.19,0.9621,15.9200,26.4500,0.0000,0.0000,0.8104,0,26.4500,28.9044,15.8744,2.1925,19.9559,0.3132,SET_TARGET_DRIVE,NaN,NaN,631.9,88.4,0.00,0,0,,
161,15:48:21.862,ROI,160,160,224,224,30.93,32.17,0.0,12.15,31.09,742.10,59.57,104.36,65.42,0.9564,15.6600,23.7700,0.0000,0.0000,0.8069,0,23.7700,27.4303,15.1152,2.1310,19.0485,0.3194,SET_TARGET_DRIVE,NaN,NaN,631.9,88.4,0.00,0,0,,
162,15:48:21.918,ROI,160,160,224,224,28.61,30.12,16.35,25.95,33.20,742.81,59.33,104.29,65.11,0.9793,15.5800,22.6400,0.0000,0.0000,0.8155,0,22.6400,25.9580,14.2326,2.0648,18.0585,0.3263,SET_TARGET_DRIVE,NaN,NaN,631.9,88.4,0.00,0,0,,
163,15:48:21.982,ROI,160,160,224,224,28.84,30.10,11.35,25.95,33.22,742.39,59.05,104.69,65.42,0.9835,15.5200,23.8100,0.0000,0.0000,0.8197,0,23.8100,25.0020,13.4287,1.9403,17.3647,0.3401,SET_TARGET_DRIVE,NaN,NaN,631.9,88.4,0.00,0,0,,
164,15:48:22.030,ROI,160,160,224,224,28.32,29.79,22.85,0.0,33.57,742.78,58.95,104.86,65.77,0.9873,15.6200,24.5400,0.0000,0.0000,0.8264,0,24.5400,24.5872,12.7966,1.8162,16.9833,0.3551,SET_TARGET_DRIVE,NaN,NaN,631.9,88.4,0.00,0,0,,
165,15:48:22.094,ROI,160,160,224,224,29.02,30.30,11.4,25.775,33.00,743.51,58.91,104.58,65.41,0.9808,15.5400,25.1400,0.0000,0.0000,0.8284,0,25.1400,24.4325,12.1837,1.6939,16.7306,0.3712,SET_TARGET_DRIVE,NaN,NaN,631.9,88.4,0.00,0,0,,
166,15:48:22.158,ROI,160,160,224,224,24.00,25.29,0.0,0.0,39.54,743.98,58.67,103.43,65.20,0.9819,15.3100,23.2400,0.0000,0.0000,0.8196,0,23.2400,23.7361,11.5570,1.5425,16.3472,0.3933,SET_TARGET_DRIVE,NaN,NaN,631.9,88.4,0.00,0,0,,
167,15:48:22.205,ROI,160,160,224,224,26.03,27.30,17.875,0.0,36.63,744.15,58.69,102.91,65.16,0.9944,15.4500,23.1500,0.0000,0.0000,0.8210,0,23.1500,23.1487,10.9388,1.3967,16.0333,0.4172,SET_TARGET_DRIVE,NaN,NaN,631.9,88.4,0.00,0,0,,
168,15:48:22.317,ROI,160,160,224,224,28.64,30.16,4.625,12.95,33.16,744.48,59.29,102.14,64.69,0.9743,16.3100,23.2200,0.0000,0.0000,0.8258,0,23.2200,22.8320,10.1993,1.2206,15.8881,0.4503,SET_TARGET_DRIVE,NaN,NaN,631.9,88.4,0.00,0,0,,
169,15:48:22.381,ROI,160,160,224,224,23.26,24.57,0.0,15.9,40.70,743.73,59.46,102.23,64.39,0.9805,16.1900,22.4700,0.0000,0.0000,0.8065,0,22.4700,22.3264,9.3053,1.0103,15.7824,0.4974,SET_TARGET_DRIVE,NaN,NaN,631.9,88.4,0.00,0,0,,
170,15:48:22.446,ROI,160,160,224,224,26.33,28.29,0.0,13.8,35.35,743.57,59.60,103.32,64.78,0.9834,15.6000,21.0600,0.0000,0.0000,0.8292,0,21.0600,21.6074,8.3625,0.8389,15.5652,0.5438,SET_TARGET_DRIVE,NaN,NaN,631.9,88.4,0.00,0,0,,
171,15:48:22.493,ROI,160,160,224,224,35.08,36.39,20.575,0.0,27.48,742.62,59.84,104.12,65.07,0.9747,16.0400,21.3800,0.0000,0.0000,0.8067,0,21.3800,20.9238,7.2293,0.6831,15.3658,0.5941,SET_TARGET_DRIVE,NaN,NaN,631.9,88.4,0.00,0,0,,
172,15:48:22.558,ROI,160,160,224,224,33.38,34.66,0.0,11.275,28.85,741.75,60.05,104.36,65.46,0.9771,16.1400,24.0300,0.0000,0.0000,0.8072,0,24.0300,21.4675,5.9555,0.5006,16.2927,0.6664,SET_TARGET_DRIVE,NaN,NaN,631.9,88.4,0.00,0,0,,
173,15:48:22.621,ROI,160,160,224,224,37.06,38.39,13.975,0.0,26.05,740.73,60.09,104.55,65.18,0.9766,15.7500,25.1100,0.0000,0.0000,0.8204,0,25.1100,22.0009,4.7349,0.3527,17.4989,0.7393,SET_TARGET_DRIVE,NaN,NaN,631.9,88.4,0.00,0,0,,
174,15:48:22.676,ROI,160,160,224,224,32.00,33.49,23.0,0.0,29.86,739.83,60.10,105.20,65.45,0.9790,15.4900,25.8800,0.0000,0.0000,0.8111,0,25.8800,22.7498,2.5028,0.1785,19.6828,0.8485,SET_TARGET_DRIVE,NaN,NaN,631.9,88.4,0.00,0,0,,
175,15:48:22.797,ROI,160,160,224,224,26.87,28.04,0.0,0.0,35.66,735.32,60.80,106.08,67.12,0.8961,14.2300,26.1200,0.0000,0.0000,0.8192,0,26.1200,23.4111,12.8197,0.0403,23.0003,0.9612,SET_TARGET_DRIVE,NaN,NaN,631.9,88.4,0.00,0,0,,
176,15:48:22.845,ROI,160,160,224,224,21.81,23.05,19.125,0.0,43.38,731.42,61.11,107.69,66.57,0.9214,15.8000,29.0100,0.0000,0.0000,0.8491,0,29.0100,24.8123,13.7532,0.2847,22.3615,0.7784,SET_TARGET_DRIVE,NaN,NaN,631.9,88.4,0.00,0,0,,
177,15:48:22.910,ROI,160,160,224,224,21.68,22.58,9.35,0.0,44.29,730.06,60.45,104.62,65.70,0.9525,15.8900,30.8600,0.0000,0.0000,0.8348,0,30.8600,26.3263,13.6705,0.5254,21.9674,0.6556,SET_TARGET_DRIVE,NaN,NaN,631.9,88.4,0.00,0,0,,
178,15:48:22.973,ROI,160,160,224,224,19.00,20.10,9.8,0.0,49.75,727.61,61.46,107.83,66.25,0.9266,15.4300,27.1200,0.0000,0.0000,0.8632,0,27.1200,27.0637,13.4576,0.7705,21.1426,0.5648,SET_TARGET_DRIVE,NaN,NaN,631.9,88.4,0.00,0,0,,
179,15:48:23.022,ROI,160,160,224,224,14.75,15.61,13.575,0.0,64.06,726.72,61.78,104.89,66.09,0.9634,15.6000,28.8500,0.0000,0.0000,0.8301,0,28.8500,27.8458,13.1997,0.9708,20.6313,0.5074,SET_TARGET_DRIVE,NaN,NaN,631.9,88.4,0.00,0,0,,
180,15:48:23.085,ROI,160,160,224,224,11.85,12.72,0.0,0.0,78.62,725.47,62.36,104.05,68.05,0.9486,16.5200,27.4800,0.0000,0.0000,0.8585,0,27.4800,28.1327,12.9406,1.1478,20.0139,0.4656,SET_TARGET_DRIVE,NaN,NaN,631.9,88.4,0.00,0,0,,
181,15:48:23.151,ROI,160,160,224,224,21.58,23.11,7.35,0.0,43.27,722.62,63.56,104.52,68.81,0.9149,16.7200,26.1900,0.0000,0.0000,0.8729,0,26.1900,28.2008,12.7718,1.3486,19.3413,0.4258,SET_TARGET_DRIVE,NaN,NaN,631.9,88.4,0.00,0,0,,
182,15:48:23.261,ROI,160,160,224,224,24.53,25.86,4.475,0.0,38.67,718.78,65.76,103.71,68.91,0.8733,15.1100,25.9600,0.0000,0.0000,0.8065,0,25.9600,28.2611,12.8768,1.5730,18.8559,0.3886,SET_TARGET_DRIVE,NaN,NaN,631.9,88.4,0.00,0,0,,
183,15:48:23.309,ROI,160,160,224,224,27.88,29.06,35.15,13.425,34.41,716.32,65.34,103.53,69.02,0.9423,15.6600,28.1700,0.0000,0.0000,0.8401,0,28.1700,28.8154,13.0098,1.7732,18.7093,0.3606,SET_TARGET_DRIVE,NaN,NaN,631.9,88.4,0.00,0,0,,
184,15:48:23.373,ROI,160,160,224,224,21.30,22.59,22.425,34.6,44.27,713.51,65.97,104.94,69.22,0.9308,16.8300,28.7000,0.0000,0.0000,0.8597,0,28.7000,29.2140,13.0988,1.9563,18.5500,0.3383,SET_TARGET_DRIVE,NaN,NaN,631.9,88.4,0.00,0,0,,
185,15:48:23.437,ROI,160,160,224,224,22.66,23.83,9.45,0.0,41.96,712.52,66.09,103.52,68.29,0.9682,17.8900,26.4600,0.0000,0.0000,0.8739,0,26.4600,29.0484,13.1407,2.0890,18.2905,0.3237,SET_TARGET_DRIVE,NaN,NaN,631.9,88.4,0.00,0,0,,
186,15:48:23.487,ROI,160,160,224,224,24.70,25.88,14.875,0.0,38.64,710.60,67.12,104.22,68.21,0.9357,17.4300,22.9800,0.0000,0.0000,0.8736,0,22.9800,28.1201,13.1747,2.1876,17.8633,0.3137,SET_TARGET_DRIVE,NaN,NaN,631.9,88.4,0.00,0,0,,
187,15:48:23.549,ROI,160,160,224,224,24.40,25.57,10.85,0.0,39.11,709.13,67.07,104.17,67.12,0.9569,17.5100,21.2400,0.0000,0.0000,0.9051,0,21.2400,26.7566,13.1066,2.2545,17.3008,0.3073,SET_TARGET_DRIVE,NaN,NaN,631.9,88.4,0.00,0,0,,
188,15:48:23.662,ROI,160,160,224,224,25.43,26.63,0.0,0.0,37.56,705.50,68.63,103.73,67.65,0.8918,18.0000,20.8000,0.0000,0.0000,0.8982,0,20.8000,25.1680,13.0004,2.3203,16.6650,0.3012,SET_TARGET_DRIVE,NaN,NaN,631.9,88.4,0.00,0,0,,
189,15:48:23.727,ROI,160,160,224,224,19.91,21.25,0.0,0.0,47.06,703.70,68.63,104.17,68.31,0.9568,18.0200,23.3700,0.0000,0.0000,0.8588,0,23.3700,24.1454,12.7169,2.3557,16.1226,0.2980,SET_TARGET_DRIVE,NaN,NaN,631.9,88.4,0.00,0,0,,
190,15:48:23.789,ROI,160,160,224,224,19.68,20.88,0.0,0.0,47.89,700.84,69.59,104.55,67.66,0.9209,17.0200,17.2900,0.0000,0.0000,0.8960,0,17.2900,22.1380,12.2261,2.3792,15.1593,0.2959,SET_TARGET_DRIVE,NaN,NaN,631.9,88.4,0.00,0,0,,
191,15:48:23.837,ROI,160,160,224,224,25.26,26.41,14.6,0.0,37.87,698.53,69.64,103.95,68.91,0.9397,17.1400,20.6000,0.0000,0.0000,0.8745,0,20.6000,21.0463,11.5420,2.3752,14.3579,0.2963,SET_TARGET_DRIVE,NaN,NaN,631.9,88.4,0.00,0,0,,
192,15:48:23.902,ROI,160,160,224,224,41.82,43.46,10.175,0.0,23.01,695.84,70.91,104.43,66.74,0.9156,16.6300,19.4700,0.0000,0.0000,0.8672,0,19.4700,19.8880,10.0958,2.3507,13.0183,0.2984,SET_TARGET_DRIVE,NaN,NaN,631.9,88.4,0.00,0,0,,
193,15:48:23.960,ROI,160,160,224,224,30.46,31.76,0.0,36.9,31.49,694.50,71.27,101.07,66.99,0.9576,16.4200,19.0000,0.0000,0.0000,0.8759,0,19.0000,18.7726,15.0370,2.3463,16.1534,0.2988,SET_TARGET_DRIVE,NaN,NaN,631.9,88.4,0.00,0,0,,
194,15:48:24.077,ROI,160,160,224,224,23.93,25.15,4.575,0.0,39.77,690.99,72.23,104.87,65.94,0.9089,17.4600,20.3800,0.0000,0.0000,0.8821,0,20.3800,18.3857,16.0329,2.3939,16.7261,0.2946,SET_TARGET_DRIVE,NaN,NaN,631.9,88.4,0.00,0,0,,
195,15:48:24.126,ROI,160,160,224,224,20.62,21.77,16.575,0.0,45.94,686.81,73.51,104.94,66.60,0.8894,15.1000,17.9500,0.0000,0.0000,0.8848,0,17.9500,17.8584,16.4274,2.4538,16.8417,0.2895,SET_TARGET_DRIVE,NaN,NaN,631.9,88.4,0.00,0,0,,
196,15:48:24.190,ROI,160,160,224,224,27.55,28.72,9.2,0.0,34.82,685.19,73.50,106.04,66.60,0.9693,17.2400,19.8200,0.0000,0.0000,0.8872,0,19.8200,17.5248,16.5888,2.4995,16.8563,0.2858,SET_TARGET_DRIVE,NaN,NaN,631.9,88.4,0.00,0,0,,
197,15:48:24.254,ROI,160,160,224,224,22.88,24.04,0.0,0.0,41.60,682.77,74.38,104.15,66.36,0.9306,15.4800,19.7600,0.0000,0.0000,0.8511,0,19.7600,17.4992,16.5816,2.5177,16.8425,0.2843,SET_TARGET_DRIVE,NaN,NaN,631.9,88.4,0.00,0,0,,
198,15:48:24.302,ROI,160,160,224,224,21.74,22.93,32.6,0.0,43.62,681.66,75.11,104.10,65.17,0.9577,15.4900,18.6100,0.0000,0.0000,0.8823,0,18.6100,17.2454,16.4866,2.4903,16.7040,0.2865,SET_TARGET_DRIVE,NaN,NaN,631.9,88.4,0.00,0,0,,
199,15:48:24.365,ROI,160,160,224,224,21.36,22.58,0.0,0.0,44.30,679.66,75.61,102.73,66.25,0.9466,15.8600,20.4200,0.0000,0.0000,0.8742,0,20.4200,17.3744,16.3552,2.4652,16.6493,0.2886,SET_TARGET_DRIVE,NaN,NaN,631.9,88.4,0.00,0,0,,
200,15:48:24.429,ROI,160,160,224,224,36.03,37.25,0.0,0.0,26.85,677.29,76.55,103.71,65.83,0.9291,14.1400,17.3900,0.0000,0.0000,0.8834,0,17.3900,16.9589,16.4013,2.4763,16.5617,0.2877,SET_TARGET_DRIVE,NaN,NaN,631.9,88.4,0.00,0,0,,
201,15:48:24.483,ROI,160,160,224,224,20.47,21.39,0.0,0.0,46.74,675.35,77.52,104.12,66.95,0.9361,13.9900,19.7300,2.3100,10.0900,0.8724,0,19.7300,17.4183,16.4808,2.4808,16.7501,0.2873,SET_TARGET_DRIVE,NaN,NaN,631.9,88.4,0.00,0,0,,
202,15:48:24.588,ROI,160,160,224,224,15.90,16.81,4.625,0.0,59.48,671.53,77.69,105.01,66.50,0.9235,15.4200,19.5900,2.5500,8.2800,0.8731,0,19.5900,18.0560,16.4801,2.5188,16.9280,0.2842,SET_TARGET_DRIVE,NaN,NaN,631.9,88.4,0.00,0,0,,
203,15:48:24.653,ROI,160,160,224,224,18.49,19.42,0.0,0.0,51.49,667.85,78.51,105.70,65.27,0.9103,13.7200,18.0900,0.0000,0.0000,0.8446,0,18.0900,18.2975,16.3653,2.5520,16.9093,0.2815,SET_TARGET_DRIVE,NaN,NaN,631.9,88.4,0.00,0,0,,
204,15:48:24.717,ROI,160,160,224,224,18.71,19.59,8.775,0.0,51.06,666.59,78.64,106.58,65.51,0.9729,13.2600,15.4600,0.0000,0.0000,0.8640,0,15.4600,17.7610,16.2300,2.5532,16.6609,0.2814,SET_TARGET_DRIVE,NaN,NaN,631.9,88.4,0.00,0,0,,
205,15:48:24.764,ROI,160,160,224,224,19.52,20.69,14.125,0.0,48.34,663.21,79.25,107.42,66.09,0.9218,13.6400,15.5800,2.5200,3.9800,0.8430,0,15.5800,17.1876,16.0037,2.5480,16.3374,0.2818,SET_TARGET_DRIVE,NaN,NaN,631.9,88.4,0.00,0,0,,
206,15:48:24.828,ROI,160,160,224,224,19.16,20.30,9.0,0.0,49.26,661.98,80.36,110.70,67.83,0.9390,14.0700,15.9000,0.0000,0.0000,0.8485,0,15.9000,16.7301,15.8500,2.5477,16.0981,0.2819,SET_TARGET_DRIVE,NaN,NaN,631.9,88.4,0.00,0,0,,
207,15:48:24.893,ROI,160,160,224,224,19.26,20.38,17.8,0.0,49.07,660.47,81.14,108.07,66.07,0.9475,13.9800,13.6000,0.0000,0.0000,0.8312,0,13.6000,16.1734,15.7445,2.5176,15.8664,0.2843,SET_TARGET_DRIVE,NaN,NaN,631.9,88.4,0.00,0,0,,
208,15:48:24.941,ROI,160,160,224,224,14.50,15.60,14.075,25.075,64.12,658.18,81.83,107.41,66.64,0.9392,14.9100,16.3300,0.0000,0.0000,0.8167,0,16.3300,15.6713,15.7237,2.4955,15.7087,0.2861,SET_TARGET_DRIVE,NaN,NaN,631.9,88.4,0.00,0,0,,
209,15:48:25.068,ROI,160,160,224,224,14.64,15.80,3.5,0.0,63.28,654.53,83.38,108.18,68.59,0.8937,13.7600,15.4900,0.0000,0.0000,0.7989,0,15.4900,15.3819,15.7500,2.4947,15.6446,0.2861,SET_TARGET_DRIVE,NaN,NaN,631.9,88.4,0.00,0,0,,
210,15:48:25.116,ROI,160,160,224,224,17.78,18.86,0.0,20.725,53.03,653.08,84.08,109.82,68.89,0.9543,13.3700,13.9600,0.0000,0.0000,0.8491,0,13.9600,14.7434,15.9081,2.4844,15.5738,0.2870,SET_TARGET_DRIVE,NaN,NaN,631.9,88.4,0.00,0,0,,
211,15:48:25.180,ROI,160,160,224,224,19.03,19.93,8.65,0.0,50.18,648.70,84.76,110.95,69.40,0.9066,13.0700,15.3800,0.0000,0.0000,0.8625,0,15.3800,14.4400,16.1238,2.4860,15.6408,0.2869,SET_TARGET_DRIVE,NaN,NaN,631.9,88.4,0.00,0,0,,
212,15:48:25.245,ROI,160,160,224,224,17.70,18.66,8.6,20.95,53.59,647.93,85.13,107.25,66.99,0.9331,11.8900,12.2500,0.0000,0.0000,0.8109,0,12.2500,13.7128,16.3697,2.4752,15.6052,0.2878,SET_TARGET_DRIVE,NaN,NaN,631.9,88.4,0.00,0,0,,
213,15:48:25.293,ROI,160,160,224,224,21.23,22.96,13.525,17.025,43.55,644.79,85.58,107.28,68.46,0.9234,13.4100,16.1600,0.0000,0.0000,0.8582,0,16.1600,13.6585,16.5627,2.5125,15.7359,0.2847,SET_TARGET_DRIVE,NaN,NaN,631.9,88.4,0.00,0,0,,
214,15:48:25.357,ROI,160,160,224,224,27.21,28.37,18.875,41.325,35.25,643.48,86.41,108.71,67.24,0.9530,11.0400,14.8700,2.1200,4.4300,0.8212,0,14.8700,13.5794,16.6846,2.5160,15.8014,0.2844,SET_TARGET_DRIVE,NaN,NaN,631.9,88.4,0.00,0,0,,
215,15:48:25.405,ROI,160,160,224,224,29.51,30.75,40.8,25.4,32.52,640.34,87.15,107.13,67.51,0.9235,11.1400,14.7700,2.2300,3.9500,0.8252,0,14.7700,13.5600,16.7359,2.5363,15.8378,0.2828,SET_TARGET_DRIVE,NaN,NaN,631.9,88.4,0.00,0,0,,
216,15:48:25.533,ROI,160,160,224,224,18.06,19.01,8.025,20.55,52.60,638.57,87.89,107.10,67.66,0.9468,11.6500,14.8000,2.0400,2.6000,0.8874,0,14.8000,13.5065,16.7888,2.5235,15.8572,0.2838,SET_TARGET_DRIVE,NaN,NaN,631.9,88.4,0.00,0,0,,
217,15:48:25.581,ROI,160,160,224,224,17.94,18.85,26.85,41.475,53.04,636.26,87.56,107.10,67.42,0.9485,12.4500,18.5700,0.0000,0.0000,0.8584,0,18.5700,14.4926,16.7659,2.4955,16.1156,0.2861,SET_TARGET_DRIVE,NaN,NaN,631.9,88.4,0.00,0,0,,
218,15:48:25.646,ROI,160,160,224,224,24.51,25.71,8.4,60.775,38.89,635.37,87.93,103.85,67.58,0.9591,12.0900,15.5900,0.0000,0.0000,0.8843,0,15.5900,14.5645,16.7779,2.4413,16.1347,0.2906,SET_TARGET_DRIVE,NaN,NaN,631.9,88.4,0.00,0,0,,
