frame_id,timestamp,mode,input_width,input_height,roi_w,roi_h,inf_time_ms,end_to_end_time_ms,cpu_load_pct,end_to_end_cpu_load_pct,fps,x_center,y_center,width,height,iou_prev_bbox,group1_magnitude,group1_angle,group2_magnitude,group2_angle,best_conf,tracking_lost,raw_angle,model_angle_smooth,trajectory_angle_smooth,estimated_speed,fused_angle,fused_weight_x,pid_mode,target_angle,angle_error,target_x,target_y,distance_error,ble_speed_left,ble_speed_right,post_ph4_spin_elapsed_s,post_ph4_re_rfb_elapsed_s
633,09:51:28.929,ROI,160,160,192,192,8.56,9.23,7.6,0.0,108.32,575.59,102.12,90.35,77.11,0.9723,13.3900,-54.8900,0.0000,0.0000,0.7436,0,-54.8900,-52.7002,-13.0441,0.2121,-45.7608,0.8250,PHASE_2_DRIVING,-35.14,-10.62,727.7,209.2,186.02,1616,2000,,
634,09:51:28.994,ROI,160,160,192,192,8.82,10.01,0.0,0.0,99.87,575.32,101.83,91.24,75.85,0.9742,14.2500,-53.3800,0.0000,0.0000,0.7512,0,-53.3800,-51.8399,-8.5962,0.1579,-45.9416,0.8636,PHASE_2_DRIVING,-35.17,-10.77,727.7,209.2,186.40,1591,2000,,
635,09:51:29.057,ROI,160,160,192,192,11.00,11.64,0.0,0.0,85.89,575.44,102.09,90.35,76.93,0.9765,13.3800,-54.4000,0.0000,0.0000,0.7438,0,-54.4000,-52.2425,-7.0290,0.1151,-47.5742,0.8968,PHASE_2_DRIVING,-35.13,-12.45,727.7,209.2,186.16,1357,2000,,
636,09:51:29.105,ROI,160,160,192,192,11.09,12.02,0.0,0.0,83.20,575.38,101.87,91.46,75.94,0.9752,14.1800,-52.9600,0.0000,0.0000,0.7484,0,-52.9600,-51.5535,-9.6599,0.0954,-47.9035,0.9129,PHASE_2_DRIVING,-35.17,-12.73,727.7,209.2,186.33,1513,2000,,
637,09:51:29.169,ROI,160,160,192,192,10.53,11.20,14.875,0.0,89.25,575.48,101.98,90.26,76.81,0.9758,13.3000,-54.3600,0.0000,0.0000,0.7452,0,-54.3600,-51.6982,-0.8765,0.0808,-47.8970,0.9252,PHASE_2_DRIVING,-35.16,-12.74,727.7,209.2,186.19,1547,2000,,
638,09:51:29.233,ROI,160,160,192,192,7.75,8.64,0.0,0.0,115.69,575.58,101.90,90.32,77.00,0.9954,13.7900,-54.5300,0.0000,0.0000,0.7551,0,-54.5300,-51.9429,3.6128,0.0549,-49.0492,0.9479,PHASE_2_DRIVING,-35.20,-13.85,727.7,209.2,186.16,1381,2000,,
639,09:51:29.281,ROI,160,160,192,192,9.46,10.23,0.0,0.0,97.71,575.53,101.95,90.38,76.84,0.9968,13.7900,-54.7400,0.0000,0.0000,0.7523,0,-54.7400,-52.9800,9.4979,0.0329,-50.9879,0.9681,PHASE_2_DRIVING,-35.18,-15.81,727.7,209.2,186.17,1235,2000,,
640,09:51:29.393,ROI,160,160,192,192,9.47,10.33,3.825,0.0,96.84,575.79,102.02,90.47,76.91,0.9923,12.5800,-52.3600,0.0000,0.0000,0.7464,0,-52.3600,-53.6471,18.8529,0.0159,-52.5116,0.9843,PHASE_2_DRIVING,-35.21,-17.31,727.7,209.2,185.91,1244,2000,,
641,09:51:29.455,ROI,160,160,192,192,12.45,13.19,7.575,29.725,75.80,575.59,102.37,91.81,78.91,0.9603,14.4400,-50.1700,0.0000,0.0000,0.7872,0,-50.1700,-53.2023,13.6544,0.0077,-52.6941,0.9924,PHASE_2_DRIVING,-35.08,-17.61,727.7,209.2,185.88,1366,2000,,
642,09:51:29.519,ROI,160,160,192,192,9.82,10.71,0.0,0.0,93.39,576.48,103.60,91.61,78.86,0.9511,14.3900,-51.3800,0.0000,0.0000,0.7624,0,-51.3800,-52.8292,3.9812,0.0389,-50.7035,0.9626,PHASE_2_DRIVING,-34.93,-15.78,727.7,209.2,184.45,1689,2000,,
643,09:51:29.568,ROI,160,160,192,192,11.00,11.85,0.0,0.0,84.41,577.46,103.91,91.93,79.99,0.9650,15.2100,-53.5100,0.0000,0.0000,0.7726,0,-53.5100,-52.9977,-4.9781,0.0882,-49.1051,0.9189,PHASE_2_DRIVING,-35.02,-14.08,727.7,209.2,183.46,1728,2000,,
644,09:51:29.631,ROI,160,160,192,192,8.28,9.13,0.0,0.0,109.57,579.52,105.22,91.94,80.90,0.9263,14.4000,-52.0100,0.0000,0.0000,0.7864,0,-52.0100,-52.5752,-12.9903,0.1656,-46.9501,0.8579,PHASE_2_DRIVING,-35.06,-11.89,727.7,209.2,181.02,1878,2000,,
645,09:51:29.697,ROI,160,160,192,192,8.68,9.38,0.0,0.0,106.65,579.56,105.49,89.63,77.10,0.9290,15.1600,-58.7800,0.0000,0.0000,0.8011,0,-58.7800,-53.7946,-20.6755,0.2414,-47.3542,0.8055,PHASE_2_DRIVING,-35.00,-12.36,727.7,209.2,180.83,1502,2000,,
646,09:51:29.745,ROI,160,160,192,192,7.99,8.89,10.05,43.975,112.51,579.79,106.38,90.14,78.23,0.9718,14.9200,-57.1000,0.0000,0.0000,0.7979,0,-57.1000,-54.3568,-28.2203,0.3121,-48.1405,0.7622,PHASE_2_DRIVING,-34.81,-13.33,727.7,209.2,180.14,1412,2000,,
647,09:51:29.874,ROI,160,160,192,192,10.99,11.69,0.0,0.0,85.53,582.68,109.43,91.18,79.85,0.8703,13.4400,-57.4100,0.0000,0.0000,0.7892,0,-57.4100,-55.1390,-35.7450,0.4515,-49.1059,0.6889,PHASE_2_DRIVING,-34.53,-14.58,727.7,209.2,176.02,1346,2000,,
648,09:51:29.919,ROI,160,160,192,192,11.24,12.35,0.0,0.0,81.00,584.09,110.08,90.96,80.32,0.9543,15.1600,-56.0400,0.0000,0.0000,0.8170,0,-56.0400,-55.3630,-42.3419,0.5911,-50.5256,0.6285,PHASE_2_DRIVING,-34.61,-15.91,727.7,209.2,174.50,1299,2000,,
649,09:51:29.985,ROI,160,160,192,192,11.12,12.14,0.0,0.0,82.39,586.06,111.22,90.86,79.34,0.9310,15.2500,-56.1500,0.0000,0.0000,0.8179,0,-56.1500,-55.8108,-48.2338,0.7500,-52.5636,0.5714,PHASE_2_DRIVING,-34.67,-17.89,727.7,209.2,172.22,1180,2000,,
650,09:51:30.032,ROI,160,160,192,192,15.33,16.40,11.0,0.0,60.98,586.72,113.82,89.72,82.12,0.9248,16.0900,-58.2500,0.0000,0.0000,0.8347,0,-58.2500,-56.4592,-52.9487,0.9126,-54.7842,0.5228,PHASE_2_DRIVING,-34.08,-20.70,727.7,209.2,170.21,1031,2000,,
651,09:51:30.097,ROI,160,160,192,192,8.07,8.95,0.0,0.0,111.79,590.90,114.74,95.63,81.55,0.8945,15.2800,-55.1600,0.0000,0.0000,0.8483,0,-55.1600,-56.6127,-55.9510,1.1130,-56.2642,0.4733,PHASE_2_DRIVING,-34.62,-21.64,727.7,209.2,166.25,1190,2000,,
652,09:51:30.161,ROI,160,160,192,192,9.76,10.49,7.075,0.0,95.29,593.35,117.71,96.49,82.22,0.8853,15.1600,-57.5900,0.0000,0.0000,0.8179,0,-57.5900,-57.0911,-57.5750,1.3321,-57.3675,0.4288,PHASE_2_DRIVING,-34.25,-23.11,727.7,209.2,162.55,1101,2000,,
653,09:51:30.209,ROI,160,160,224,224,10.38,11.16,10.45,0.0,89.57,593.98,119.27,99.46,83.36,0.9346,14.6800,-51.6400,0.0000,0.0000,0.7536,0,-51.6400,-56.3911,-58.6683,1.5334,-57.7694,0.3947,PHASE_2_DRIVING,-33.92,-23.85,727.7,209.2,161.15,1155,2000,,
654,09:51:30.337,ROI,160,160,224,224,10.08,10.85,0.0,0.0,92.13,598.50,123.14,103.74,85.71,0.8372,16.6900,-45.1100,0.0000,0.0000,0.8288,0,-45.1100,-54.2430,-57.6631,1.7832,-56.4343,0.3593,PHASE_2_DRIVING,-33.67,-22.77,727.7,209.2,155.23,1377,2000,,
655,09:51:30.385,ROI,160,160,224,224,10.63,11.51,0.0,0.0,86.89,600.04,124.34,104.71,86.37,0.9445,15.6200,-43.0400,0.0000,0.0000,0.8528,0,-43.0400,-51.9644,-55.9184,2.0053,-54.6027,0.3327,PHASE_2_DRIVING,-33.61,-20.99,727.7,209.2,153.29,1513,2000,,
656,09:51:30.449,ROI,160,160,224,224,8.68,10.18,0.0,38.375,98.25,601.93,126.02,104.31,87.09,0.9287,14.6900,-47.3000,0.0000,0.0000,0.8189,0,-47.3000,-50.7753,-54.4200,2.2033,-53.2822,0.3122,PHASE_2_DRIVING,-33.48,-19.80,727.7,209.2,150.79,1477,2000,,
657,09:51:30.512,ROI,160,160,224,224,10.87,11.77,0.0,0.0,84.97,603.62,126.84,106.16,88.59,0.9506,15.3700,-49.5600,0.0000,0.0000,0.8348,0,-49.5600,-50.1989,-50.6996,2.3592,-50.5506,0.2977,PHASE_2_DRIVING,-33.57,-16.98,727.7,209.2,148.93,1785,2000,,
658,09:51:30.562,ROI,160,160,224,224,9.05,9.91,10.45,0.0,100.87,606.50,129.43,107.53,86.65,0.8945,15.9400,-43.9500,0.0000,0.0000,0.8548,0,-43.9500,-48.3008,-43.3188,2.5105,-44.7379,0.2849,PHASE_2_DRIVING,-33.35,-11.39,727.7,209.2,145.10,2000,1604,,
659,09:51:30.623,ROI,160,160,224,224,11.20,12.08,0.0,0.0,82.81,607.20,128.54,106.47,85.81,0.9668,14.7900,-46.5400,0.0000,0.0000,0.8342,0,-46.5400,-46.8369,-41.4402,2.5774,-42.9487,0.2795,PHASE_2_DRIVING,-33.80,-9.15,727.7,209.2,145.00,1992,2000,,
660,09:51:30.672,ROI,160,160,224,224,12.89,13.66,0.0,0.0,73.20,609.32,130.09,107.90,84.41,0.9276,16.4900,-38.7600,0.0000,0.0000,0.8228,0,-38.7600,-43.9788,-41.4761,2.6347,-42.1647,0.2751,PHASE_2_DRIVING,-33.76,-8.41,727.7,209.2,142.38,1793,2000,,
661,09:51:30.799,ROI,160,160,224,224,11.09,11.87,0.0,0.0,84.28,613.65,132.38,109.48,85.29,0.8766,17.0000,-40.5300,0.0000,0.0000,0.8245,0,-40.5300,-41.9410,-41.1373,2.7078,-41.3540,0.2697,PHASE_2_DRIVING,-33.96,-7.39,727.7,209.2,137.51,1871,2000,,
662,09:51:30.850,ROI,160,160,224,224,15.55,16.50,0.0,0.0,60.60,615.11,133.36,108.18,83.73,0.9513,18.4600,-36.5600,0.0000,0.0000,0.8690,0,-36.5600,-39.1517,-40.2870,2.7650,-39.9854,0.2656,PHASE_2_DRIVING,-33.97,-6.02,727.7,209.2,135.75,1979,2000,,
663,09:51:30.912,ROI,160,160,224,224,19.83,20.74,8.525,0.0,48.22,618.29,135.09,108.23,83.34,0.9058,19.0000,-38.6000,0.0000,0.0000,0.8353,0,-38.6000,-37.8032,-39.2441,2.7959,-38.8645,0.2634,PHASE_2_DRIVING,-34.11,-4.75,727.7,209.2,132.15,2000,1987,,
664,09:51:30.977,ROI,160,160,224,224,17.24,18.41,0.0,0.0,54.32,620.24,136.11,107.90,82.49,0.9415,19.6900,-35.6400,0.0000,0.0000,0.8650,0,-35.6400,-36.0163,-38.2333,2.7794,-37.6467,0.2646,PHASE_2_DRIVING,-34.22,-3.42,727.7,209.2,129.96,2000,1926,,
665,09:51:31.023,ROI,160,160,224,224,12.01,12.86,14.075,0.0,77.74,622.14,136.66,109.02,82.29,0.9529,19.8900,-34.8500,0.0000,0.0000,0.8652,0,-34.8500,-34.4785,-37.2949,2.7740,-36.5486,0.2650,PHASE_2_DRIVING,-34.50,-2.05,727.7,209.2,128.08,2000,1867,,
666,09:51:31.089,ROI,160,160,224,224,12.71,13.48,0.0,0.0,74.18,626.13,138.25,112.32,82.67,0.8962,19.0700,-35.4600,0.0000,0.0000,0.8505,0,-35.4600,-33.3092,-36.1671,2.7740,-35.4098,0.2650,PHASE_2_DRIVING,-34.93,-0.48,727.7,209.2,123.89,2000,1780,,
667,09:51:31.152,ROI,160,160,256,256,12.68,13.67,0.0,0.0,73.14,627.49,139.63,110.67,82.26,0.9442,18.5800,-35.4300,3.6900,-35.9300,0.8360,0,-35.4300,-32.5071,-34.8445,2.7491,-34.2210,0.2667,PHASE_2_DRIVING,-34.77,0.55,727.7,209.2,121.99,2000,1823,,
668,09:51:31.200,ROI,160,160,224,224,11.29,11.98,0.0,0.0,83.46,630.91,141.76,111.69,81.97,0.8942,19.1300,-35.3400,0.0000,0.0000,0.8594,0,-35.3400,-32.2833,-33.6744,2.7305,-33.3015,0.2681,PHASE_2_DRIVING,-34.87,1.57,727.7,209.2,117.97,2000,1787,,
669,09:51:31.328,ROI,160,160,224,224,11.96,12.78,0.0,0.0,78.26,636.61,143.34,112.25,83.45,0.8708,18.5500,-33.6000,0.0000,0.0000,0.9237,0,-33.6000,-31.7620,-32.1737,2.7844,-32.0649,0.2642,PHASE_2_DRIVING,-35.87,3.80,727.7,209.2,112.41,2000,1548,,
670,09:51:31.378,ROI,160,160,256,256,12.64,13.40,0.0,0.0,74.65,637.89,145.21,112.10,85.09,0.9355,16.1000,-36.5100,0.0000,0.0000,0.7769,0,-36.5100,-32.4846,-30.6299,2.8357,-31.1134,0.2607,PHASE_2_DRIVING,-35.47,4.36,727.7,209.2,110.28,2000,1753,,
671,09:51:31.439,ROI,160,160,256,256,12.66,13.44,8.125,29.175,74.39,640.94,145.56,109.84,84.14,0.9362,18.2600,-35.4600,0.0000,0.0000,0.8561,0,-35.4600,-32.7010,-29.1179,2.8555,-30.0473,0.2594,PHASE_2_DRIVING,-36.26,6.21,727.7,209.2,107.60,2000,1520,,
672,09:51:31.488,ROI,160,160,224,224,13.97,14.85,0.0,26.3,67.33,643.75,146.96,110.80,81.62,0.9195,19.0100,-31.6500,2.8000,-35.6800,0.9037,0,-31.6500,-31.6958,-27.7277,2.9340,-28.7364,0.2542,PHASE_2_DRIVING,-36.55,7.82,727.7,209.2,104.50,2000,1501,,
673,09:51:31.552,ROI,160,160,224,224,11.74,12.54,0.0,0.0,79.75,647.03,148.65,110.88,81.48,0.9054,17.5600,-33.4500,0.0000,0.0000,0.8665,0,-33.4500,-31.0653,-26.4934,3.0096,-27.6336,0.2494,PHASE_2_DRIVING,-36.89,9.26,727.7,209.2,100.87,2000,1477,,
674,09:51:31.615,ROI,160,160,224,224,11.63,12.66,0.0,0.0,78.98,649.11,149.34,109.62,81.68,0.9469,18.2500,-35.5600,0.0000,0.0000,0.8542,0,-35.5600,-31.5081,-25.4422,3.0621,-26.9355,0.2462,PHASE_2_DRIVING,-37.30,10.36,727.7,209.2,98.79,2000,1486,,
675,09:51:31.729,ROI,160,160,224,224,9.57,10.34,0.0,0.0,96.73,653.30,152.43,110.71,82.39,0.8619,18.2900,-33.7200,0.0000,0.0000,0.8614,0,-33.7200,-32.0315,-24.6209,3.1327,-26.4141,0.2420,PHASE_2_DRIVING,-37.34,10.93,727.7,209.2,93.59,2000,1533,,
676,09:51:31.792,ROI,160,160,224,224,12.02,12.91,0.0,0.0,77.45,655.46,152.70,110.68,81.84,0.9554,18.5200,-32.4200,0.0000,0.0000,0.8657,0,-32.4200,-31.9433,-24.0473,3.1972,-25.9285,0.2383,PHASE_2_DRIVING,-38.03,12.10,727.7,209.2,91.71,2000,1425,,
677,09:51:31.841,ROI,160,160,224,224,12.18,13.04,0.0,0.0,76.69,659.54,156.31,110.82,84.38,0.8542,16.7700,-35.1300,0.0000,0.0000,0.8558,0,-35.1300,-32.8998,-23.7052,3.2466,-25.8704,0.2355,PHASE_2_DRIVING,-37.81,11.94,727.7,209.2,86.28,2000,1595,,
678,09:51:31.904,ROI,160,160,224,224,11.99,13.12,0.0,0.0,76.24,661.21,157.55,108.60,88.77,0.9230,18.0800,-37.8100,0.0000,0.0000,0.8799,0,-37.8100,-33.7406,-23.6389,3.2606,-26.0099,0.2347,PHASE_2_DRIVING,-37.84,11.83,727.7,209.2,84.19,2000,1591,,
679,09:51:31.968,ROI,160,160,224,224,9.57,10.46,0.0,0.0,95.62,664.68,158.50,110.25,87.29,0.9193,17.3300,-33.2500,0.0000,0.0000,0.8751,0,-33.2500,-33.8615,-23.7333,3.3112,-26.0826,0.2320,PHASE_2_DRIVING,-38.82,12.74,727.7,209.2,80.88,2000,1437,,
680,09:51:32.015,ROI,160,160,224,224,8.48,9.41,10.6,0.0,106.25,666.13,159.62,110.40,91.08,0.9340,16.2100,-37.7400,0.0000,0.0000,0.8375,0,-37.7400,-34.5879,-23.9936,3.3094,-26.4520,0.2320,PHASE_2_DRIVING,-38.84,12.39,727.7,209.2,79.05,2000,1604,,
681,09:51:32.145,ROI,160,160,224,224,7.91,8.74,3.25,0.0,114.36,669.77,162.39,113.65,89.99,0.8834,17.0700,-35.8000,0.0000,0.0000,0.8539,0,-35.8000,-35.1232,-24.4390,3.3392,-26.9013,0.2305,PHASE_2_DRIVING,-38.94,12.04,727.7,209.2,74.48,2000,1615,,
682,09:51:32.193,ROI,160,160,256,256,10.70,11.54,0.0,33.875,86.63,670.79,165.54,115.20,92.37,0.9171,17.3500,-36.5500,0.0000,0.0000,0.8779,0,-36.5500,-35.5323,-25.1909,3.3342,-27.5769,0.2307,PHASE_2_DRIVING,-37.50,9.92,727.7,209.2,71.73,1819,1767,,
683,09:51:32.256,ROI,160,160,256,256,12.71,13.42,0.0,29.125,74.54,673.12,166.81,114.96,93.47,0.9349,17.4600,-36.3200,0.0000,0.0000,0.8662,0,-36.3200,-35.7905,-26.1771,3.2943,-28.4158,0.2329,PHASE_2_DRIVING,-37.84,9.42,727.7,209.2,69.11,1856,1600,,
684,09:51:32.319,ROI,160,160,256,256,11.54,12.43,0.0,0.0,80.46,677.77,170.74,112.16,96.34,0.8511,16.7800,-41.9300,0.0000,0.0000,0.8136,0,-41.9300,-37.2390,-27.3331,3.3217,-29.6253,0.2314,PHASE_2_DRIVING,-37.61,7.98,727.7,209.2,63.03,1611,1541,,
685,09:51:32.368,ROI,160,160,256,256,11.27,12.00,10.7,0.0,83.36,680.07,172.51,111.09,96.14,0.9254,15.9900,-46.3400,2.5100,-42.2500,0.8412,0,-46.3400,-39.4733,-28.6651,3.3123,-31.1715,0.2319,PHASE_2_DRIVING,-37.61,6.44,727.7,209.2,60.12,1507,1499,,
686,09:51:32.433,ROI,160,160,224,224,10.72,11.61,0.0,0.0,86.10,683.43,173.88,110.35,100.84,0.8987,16.2000,-56.7600,0.0000,0.0000,0.8675,0,-56.7600,-43.6389,-30.1575,3.3179,-33.2797,0.2316,PHASE_2_DRIVING,-38.59,5.31,727.7,209.2,56.64,1427,1405,,
687,09:51:32.497,ROI,160,160,224,224,9.00,9.62,7.525,0.0,103.92,685.24,173.48,111.05,97.55,0.9368,16.7900,-46.3700,0.0000,0.0000,0.8938,0,-46.3700,-45.1088,-31.4517,3.3302,-34.6055,0.2309,PHASE_2_DRIVING,-40.08,5.47,727.7,209.2,55.49,1472,1302,,
688,09:51:32.545,ROI,160,160,224,224,11.22,12.34,0.0,0.0,81.02,687.25,175.10,111.52,100.55,0.9338,15.3900,-51.7000,0.0000,0.0000,0.8321,0,-51.7000,-47.7689,-32.6944,3.3112,-36.1909,0.2320,PHASE_2_DRIVING,-40.13,3.94,727.7,209.2,52.90,1294,1351,,
689,09:51:32.671,ROI,160,160,224,224,10.68,11.62,3.425,0.0,86.09,690.99,178.50,113.64,103.28,0.8770,15.2700,-59.5600,0.0000,0.0000,0.8617,0,-59.5600,-51.6546,-33.8161,3.3146,-37.9506,0.2318,PHASE_2_DRIVING,-39.91,1.95,727.7,209.2,47.86,1125,1268,,
690,09:51:32.721,ROI,160,160,256,256,13.96,14.88,10.175,0.0,67.23,693.22,182.62,113.04,104.62,0.8894,14.9200,-51.4500,3.7600,-50.0100,0.8374,0,-51.4500,-53.0343,-34.9500,3.3293,-39.1272,0.2310,PHASE_2_DRIVING,-37.62,-1.51,727.7,209.2,43.54,921,1256,,
691,09:51:32.784,ROI,160,160,256,256,11.34,12.32,8.125,0.0,81.19,694.49,184.10,113.92,101.41,0.9482,14.7000,-48.8800,3.4100,-47.3300,0.8706,0,-48.8800,-53.7405,-36.0725,3.3238,-40.1587,0.2313,PHASE_2_DRIVING,-37.08,-3.07,727.7,209.2,41.63,944,1138,,
692,09:51:32.848,ROI,160,160,256,256,11.43,12.65,0.0,0.0,79.04,696.86,185.42,113.52,102.67,0.9349,16.0400,-45.3500,3.9300,-41.1100,0.8854,0,-45.3500,-53.6880,-37.1047,3.2851,-40.9747,0.2334,PHASE_2_DRIVING,-37.63,-3.34,727.7,209.2,38.94,931,1016,,
693,09:51:32.897,ROI,160,160,256,256,10.55,11.91,0.0,0.0,83.93,697.92,188.52,113.82,106.37,0.9256,15.2000,-49.1800,4.1700,-48.2300,0.8819,0,-49.1800,-54.0432,-38.1751,3.2733,-41.8885,0.2340,PHASE_2_DRIVING,-34.78,-7.11,727.7,209.2,36.26,705,1108,,
694,09:51:32.960,ROI,160,160,256,256,13.96,15.10,7.625,0.0,66.23,699.70,188.94,113.52,104.58,0.9530,14.6700,-54.8800,3.4100,-47.2700,0.8456,0,-54.8800,-55.1494,-39.1452,3.2095,-42.9471,0.2376,PHASE_2_DRIVING,-35.89,-7.06,727.7,209.2,34.56,805,923,,
695,09:51:33.009,ROI,160,160,256,256,15.11,16.34,0.0,23.9,61.18,701.21,189.52,114.75,105.54,0.9635,14.8700,-55.1600,2.8300,-44.1400,0.8584,0,-55.1600,-56.2200,-40.0023,3.1614,-43.8995,0.2403,PHASE_2_DRIVING,-36.61,-7.29,727.7,209.2,33.00,757,893,,
696,09:51:33.072,ROI,160,160,256,256,14.17,14.89,0.0,0.0,67.16,704.02,191.37,115.66,105.01,0.9202,14.5900,-51.2400,0.0000,0.0000,0.8586,0,-51.2400,-56.4346,-40.7412,3.1031,-44.5659,0.2437,PHASE_2_DRIVING,-36.99,-7.58,727.7,209.2,29.64,676,806,,
697,09:51:33.184,ROI,160,160,256,256,10.23,11.13,0.0,0.0,89.88,706.19,192.87,119.62,105.94,0.9371,14.1800,-50.5100,0.0000,0.0000,0.8551,0,-50.5100,-55.7575,-41.2208,3.0425,-44.8168,0.2474,PHASE_2_DRIVING,-37.20,-7.61,727.7,209.2,27.00,623,727,,
698,09:51:33.249,ROI,160,160,256,256,8.45,9.58,7.2,0.0,104.40,708.83,196.13,120.45,107.07,0.9013,14.6000,-48.6900,0.0000,0.0000,0.8787,0,-48.6900,-54.9040,-41.5160,2.9787,-44.8809,0.2513,PHASE_2_DRIVING,-34.71,-10.17,727.7,209.2,22.95,457,691,,
699,09:51:33.313,ROI,160,160,256,256,8.48,9.36,7.25,0.0,106.89,709.12,195.52,116.54,103.60,0.9362,15.4600,-51.0100,0.0000,0.0000,0.8408,0,-51.0100,-54.1177,-41.5917,2.8855,-44.8155,0.2574,PHASE_2_DRIVING,-36.36,-8.45,727.7,209.2,23.07,568,586,,
700,09:51:33.361,ROI,160,160,256,256,10.44,11.41,10.2,0.0,87.64,710.54,196.79,120.10,105.58,0.9472,14.6700,-47.1400,0.0000,0.0000,0.8585,0,-47.1400,-52.3558,-41.6826,2.7745,-44.5103,0.2649,PHASE_2_DRIVING,-35.86,-8.65,727.7,209.2,21.18,480,579,,
701,09:51:33.425,ROI,160,160,256,256,10.71,11.49,14.825,0.0,87.04,711.30,196.72,119.20,105.78,0.9856,15.0100,-45.9600,0.0000,0.0000,0.8734,0,-45.9600,-50.1410,-41.7173,2.6197,-44.0445,0.2763,PHASE_2_DRIVING,-37.26,-6.78,727.7,209.2,20.61,519,512,,
702,09:51:33.487,ROI,160,160,256,256,10.11,10.92,7.65,0.0,91.58,712.87,196.80,119.97,105.79,0.9725,14.9100,-46.9000,0.0000,0.0000,0.8634,0,-46.9000,-48.5728,-41.6650,2.5062,-43.6352,0.2852,PHASE_2_DRIVING,-39.90,-3.73,727.7,209.2,19.33,524,442,,
703,09:51:33.537,ROI,160,160,256,256,10.02,10.96,9.925,0.0,91.26,713.25,196.45,118.43,101.62,0.9482,14.7800,-44.3900,0.0000,0.0000,0.8692,0,-44.3900,-46.8937,-41.5391,2.3607,-43.1324,0.2976,PHASE_2_DRIVING,-41.42,-1.71,727.7,209.2,19.27,513,451,,
704,09:51:33.665,ROI,160,160,256,256,8.59,9.45,3.35,0.0,105.76,715.14,196.80,118.70,102.02,0.9619,14.8900,-44.7500,0.0000,0.0000,0.8739,0,-44.7500,-46.4802,-41.1699,2.2288,-42.8146,0.3097,PHASE_2_DRIVING,-44.64,1.83,727.7,209.2,17.65,512,371,,
705,09:51:33.714,ROI,160,160,256,256,8.65,9.65,10.05,40.475,103.58,715.83,198.38,120.62,102.51,0.9543,14.4600,-43.8300,0.0000,0.0000,0.8398,0,-43.8300,-44.9347,-40.4005,2.0671,-41.8788,0.3260,PHASE_2_DRIVING,-42.34,0.47,727.7,209.2,16.06,381,421,,
706,09:51:33.777,ROI,160,160,256,256,10.46,11.53,7.2,0.0,86.74,716.84,198.70,121.02,103.28,0.9762,14.9600,-44.8700,0.0000,0.0000,0.8756,0,-44.8700,-44.2389,-39.2048,1.8945,-40.9440,0.3455,PHASE_2_DRIVING,-44.02,3.08,727.7,209.2,15.10,429,326,,
707,09:51:33.824,ROI,160,160,256,256,19.36,20.69,0.0,0.0,48.32,717.01,199.84,119.33,103.04,0.9646,15.4200,-46.3600,0.0000,0.0000,0.8681,0,-46.3600,-44.8412,-37.6872,1.7583,-40.2808,0.3625,PHASE_2_DRIVING,-41.20,0.92,727.7,209.2,14.21,328,383,,
708,09:51:33.887,ROI,160,160,256,256,10.44,11.34,0.0,0.0,88.18,717.06,199.90,119.49,103.97,0.9897,14.7000,-47.5000,0.0000,0.0000,0.8658,0,-47.5000,-45.0073,-36.1518,1.6361,-39.5111,0.3793,PHASE_2_DRIVING,-41.18,1.67,727.7,209.2,14.13,370,337,,
709,09:51:33.952,ROI,160,160,256,256,10.04,10.84,0.0,0.0,92.24,717.11,200.17,119.79,104.05,0.9923,14.7700,-46.8000,0.0000,0.0000,0.8647,0,-46.8000,-44.8138,-34.6805,1.4932,-38.7448,0.4011,PHASE_2_DRIVING,-40.47,1.72,727.7,209.2,13.92,355,341,,
710,09:51:34.001,ROI,160,160,256,256,9.98,10.99,0.0,0.0,90.98,717.82,200.34,119.39,103.86,0.9851,15.0800,-45.9700,0.0000,0.0000,0.8715,0,-45.9700,-44.0947,-33.1544,1.3589,-37.7923,0.4239,PHASE_2_DRIVING,-41.89,4.09,727.7,209.2,13.28,377,287,,
711,09:51:34.128,ROI,160,160,256,256,8.39,9.13,0.0,0.0,109.48,718.89,201.52,120.94,103.78,0.9604,14.7400,-44.4900,0.0000,0.0000,0.8534,0,-44.4900,-43.4874,-32.0499,1.2476,-37.1388,0.4449,PHASE_2_DRIVING,-41.07,3.93,727.7,209.2,11.69,302,283,,
712,09:51:34.176,ROI,160,160,256,256,10.95,12.17,10.225,0.0,82.14,718.85,201.22,118.42,102.37,0.9658,15.1900,-46.0100,2.1100,-49.4600,0.8688,0,-46.0100,-43.9068,-31.1774,1.1163,-37.1922,0.4725,PHASE_2_DRIVING,-42.02,4.83,727.7,209.2,11.92,323,273,,
713,09:51:34.240,ROI,160,160,256,256,13.03,13.83,0.0,28.35,72.32,719.50,201.51,119.30,102.85,0.9835,14.8900,-46.6200,2.2200,-49.5100,0.8565,0,-46.6200,-44.6378,-30.4469,0.9817,-37.6080,0.5046,PHASE_2_DRIVING,-43.17,5.56,727.7,209.2,11.24,305,257,,
714,09:51:34.303,ROI,160,160,256,256,10.91,11.78,7.925,0.0,84.89,719.72,202.60,119.28,102.54,0.9755,15.0300,-46.7700,0.0000,0.0000,0.8652,0,-46.7700,-45.1138,-30.0468,0.8811,-38.0563,0.5316,PHASE_2_DRIVING,-39.59,1.54,727.7,209.2,10.36,221,297,,
715,09:51:34.351,ROI,160,160,256,256,12.08,13.24,10.625,0.0,75.54,720.46,202.18,119.25,101.52,0.9779,14.9400,-44.5700,0.0000,0.0000,0.8640,0,-44.5700,-45.1368,-29.7482,0.7996,-38.2994,0.5557,PHASE_2_DRIVING,-44.12,5.82,727.7,209.2,10.09,310,194,,
716,09:51:34.416,ROI,160,160,256,256,11.83,12.73,0.0,30.675,78.54,720.50,202.51,119.25,102.16,0.9928,15.0600,-45.2400,2.0800,-46.2200,0.8565,0,-45.2400,-45.1989,-30.0433,0.7650,-38.6302,0.5666,PHASE_3_FINAL_ALIGNING,16.20,-54.83,727.7,209.2,9.83,-1097,1097,,
717,09:51:34.529,ROI,160,160,256,256,9.77,10.62,0.0,0.0,94.15,721.58,202.90,119.74,101.54,0.9747,14.9400,-44.5600,2.6200,-45.3300,0.8640,0,-44.5600,-45.4401,-30.6541,0.7213,-39.2442,0.5810,PHASE_3_FINAL_ALIGNING,16.20,-55.44,727.7,209.2,8.78,-1109,1109,,
718,09:51:34.591,ROI,160,160,256,256,10.10,10.94,0.0,0.0,91.40,722.28,203.25,119.46,100.69,0.9802,15.2500,-43.6000,0.0000,0.0000,0.8778,0,-43.6000,-45.1680,-31.7348,0.6989,-39.6418,0.5886,PHASE_3_FINAL_ALIGNING,16.20,-55.84,727.7,209.2,8.05,-1117,1117,,
719,09:51:34.657,ROI,160,160,256,256,11.99,12.82,0.0,0.0,77.99,723.09,202.95,118.75,101.58,0.9779,15.0800,-43.1100,2.9200,-43.5300,0.8745,0,-43.1100,-44.7266,-32.9264,0.6687,-39.9981,0.5993,PHASE_3_FINAL_ALIGNING,16.20,-56.20,727.7,209.2,7.77,-1124,1124,,
720,09:51:34.705,ROI,160,160,256,256,12.51,13.26,11.05,0.0,75.44,723.66,203.73,117.86,99.76,0.9727,14.9400,-43.8600,5.6800,-42.0200,0.8662,0,-43.8600,-44.5932,-34.0513,0.6530,-40.4289,0.6050,PHASE_3_FINAL_ALIGNING,16.20,-56.63,727.7,209.2,6.80,-1133,1133,,
721,09:51:34.768,ROI,160,160,256,256,12.47,13.33,7.85,0.0,75.01,724.18,204.18,117.26,98.64,0.9800,15.3000,-41.8400,5.1100,-40.0200,0.8541,0,-41.8400,-43.8207,-34.9562,0.6250,-40.4114,0.6154,PHASE_3_FINAL_ALIGNING,16.20,-56.61,727.7,209.2,6.13,-1132,1132,,
722,09:51:34.817,ROI,160,160,256,256,12.84,13.56,0.0,0.0,73.73,723.98,204.14,116.70,99.63,0.9854,14.6600,-43.7300,3.5900,-43.1300,0.8457,0,-43.7300,-43.5198,-35.2577,0.6010,-40.4181,0.6246,PHASE_3_FINAL_ALIGNING,16.20,-56.62,727.7,209.2,6.27,-1132,1132,,
723,09:51:34.945,ROI,160,160,256,256,9.50,10.34,3.425,0.0,96.76,724.86,205.17,119.17,100.00,0.9596,13.8100,-39.9900,0.0000,0.0000,0.8439,0,-39.9900,-42.3691,-35.3511,0.6052,-39.7232,0.6230,PHASE_3_FINAL_ALIGNING,16.20,-55.92,727.7,209.2,4.93,-1118,1118,,
724,09:51:34.993,ROI,160,160,256,256,14.97,16.57,10.15,23.575,60.33,724.45,205.18,120.05,98.26,0.9755,14.3400,-37.9100,2.7400,-37.7500,0.8459,0,-37.9100,-40.9756,-35.0991,0.6003,-38.7713,0.6249,PHASE_3_FINAL_ALIGNING,16.20,-54.97,727.7,209.2,5.17,-1099,1099,,
725,09:51:35.057,ROI,160,160,256,256,16.67,17.67,0.0,22.1,56.59,724.91,205.27,121.52,97.86,0.9839,14.2800,-36.5000,2.7000,-35.9400,0.8434,0,-36.5000,-39.5812,-34.7378,0.5973,-37.7699,0.6260,PHASE_3_FINAL_ALIGNING,16.20,-53.97,727.7,209.2,4.82,-1079,1079,,
726,09:51:35.119,ROI,160,160,256,256,11.08,11.85,0.0,0.0,84.37,725.22,205.50,123.10,94.21,0.9508,15.0900,-32.4000,2.5900,-31.8900,0.8786,0,-32.4000,-37.6472,-34.3444,0.5828,-36.4311,0.6318,PHASE_3_FINAL_ALIGNING,16.20,-52.63,727.7,209.2,4.46,-1053,1053,,
727,09:51:35.168,ROI,160,160,256,256,17.38,18.35,0.0,0.0,54.50,725.82,205.02,124.37,93.12,0.9785,15.4000,-28.6200,2.1900,-28.2100,0.8853,0,-28.6200,-35.1267,-33.7331,0.5560,-34.6287,0.6427,PHASE_3_FINAL_ALIGNING,16.20,-50.83,727.7,209.2,4.59,-1017,1017,,
728,09:51:35.233,ROI,160,160,256,256,13.86,14.84,0.0,0.0,67.37,725.78,205.26,125.89,92.32,0.9795,15.6300,-26.9700,2.2700,-27.6400,0.8747,0,-26.9700,-32.4951,-32.8388,0.5239,-32.6133,0.6562,PHASE_3_FINAL_ALIGNING,16.20,-48.81,727.7,209.2,4.38,-976,976,,
729,09:51:35.297,ROI,160,160,256,256,10.06,10.92,0.0,0.0,91.61,725.80,204.74,127.17,89.94,0.9646,15.9700,-23.8700,2.3000,-24.5700,0.8663,0,-23.8700,-29.3980,-31.8725,0.4983,-30.2209,0.6674,PHASE_3_FINAL_ALIGNING,16.20,-46.42,727.7,209.2,4.84,-928,928,,
730,09:51:35.344,ROI,160,160,256,256,10.01,10.92,0.0,0.0,91.61,726.30,204.54,127.73,88.80,0.9798,15.6000,-21.8500,0.0000,0.0000,0.8630,0,-21.8500,-26.4181,-30.4968,0.4596,-27.7024,0.6851,PHASE_3_FINAL_ALIGNING,16.20,-43.90,727.7,209.2,4.86,-878,878,,
731,09:51:35.471,ROI,160,160,256,256,13.08,13.87,3.35,28.225,72.07,725.68,203.09,124.82,83.58,0.9198,17.4300,-18.1900,0.0000,0.0000,0.8936,0,-18.1900,-23.1806,-28.0712,0.3990,-24.5755,0.7148,PHASE_3_FINAL_ALIGNING,16.20,-40.78,727.7,209.2,6.44,-815,815,,
732,09:51:35.520,ROI,160,160,256,256,13.15,14.03,11.15,0.0,71.26,726.04,202.79,124.96,82.45,0.9808,17.6300,-14.8300,4.8900,-14.1800,0.8970,0,-14.8300,-19.7709,-24.8555,0.3446,-21.0740,0.7437,PHASE_3_FINAL_ALIGNING,16.20,-37.27,727.7,209.2,6.62,-745,745,,
733,09:51:35.586,ROI,160,160,256,256,20.06,21.00,7.65,0.0,47.63,722.86,201.98,122.14,80.99,0.9316,17.6000,-14.4100,0.0000,0.0000,0.8651,0,-14.4100,-16.5912,-19.8386,0.2367,-17.2128,0.8086,PHASE_3_FINAL_ALIGNING,16.20,-33.41,727.7,209.2,8.69,-668,668,,
734,09:51:35.634,ROI,160,160,256,256,14.15,15.11,14.475,0.0,66.17,724.61,204.33,124.29,85.76,0.9183,16.4900,-9.4800,0.0000,0.0000,0.8434,0,-9.4800,-13.0059,-14.4112,0.1668,-13.2068,0.8570,PHASE_3_FINAL_ALIGNING,16.20,-29.41,727.7,209.2,5.77,-588,588,,
735,09:51:35.697,ROI,160,160,256,256,17.73,18.55,8.025,21.075,53.92,723.76,202.70,121.84,82.06,0.9381,17.2600,-10.2100,2.1500,-11.2200,0.8573,0,-10.2100,-10.1219,-4.3387,0.1062,-9.5668,0.9040,PHASE_3_FINAL_ALIGNING,16.20,-25.77,727.7,209.2,7.60,-515,515,,
736,09:51:35.761,ROI,160,160,256,256,15.59,16.40,8.6,23.825,60.99,723.85,202.54,121.41,83.31,0.9816,18.1900,-6.0500,0.0000,0.0000,0.9046,0,-6.0500,-6.8823,13.2218,0.0959,-5.1231,0.9125,PHASE_3_FINAL_ALIGNING,16.20,-21.32,727.7,209.2,7.69,-426,426,,
737,09:51:35.807,ROI,160,160,256,256,12.58,13.41,0.0,29.125,74.55,723.64,202.72,121.82,82.78,0.9903,18.2500,-5.3300,2.1300,-3.3900,0.9150,0,-5.3300,-4.0998,-2.0940,0.1346,-3.8618,0.8813,PHASE_3_FINAL_ALIGNING,16.20,-20.06,727.7,209.2,7.65,-401,401,,
738,09:51:35.937,ROI,160,160,256,256,12.04,12.97,0.0,0.0,77.12,723.69,202.53,121.54,83.41,0.9902,15.4800,-0.3200,0.0000,0.0000,0.8855,0,-0.3200,-1.0379,-14.0997,0.1754,-2.9867,0.8508,PHASE_3_FINAL_ALIGNING,16.20,-19.19,727.7,209.2,7.79,-384,384,,
739,09:51:35.985,ROI,160,160,256,256,12.04,12.91,0.0,0.0,77.49,723.29,202.85,121.89,83.15,0.9859,12.3500,2.6000,0.0000,0.0000,0.7820,0,2.6000,2.0822,-23.6328,0.2040,-2.2746,0.8306,PHASE_3_FINAL_ALIGNING,16.20,-18.47,727.7,209.2,7.73,-369,369,,
740,09:51:36.048,ROI,160,160,256,256,13.36,14.19,7.7,0.0,70.49,723.85,203.23,120.61,82.86,0.9804,11.2900,10.8100,0.0000,0.0000,0.7995,0,10.8100,5.8931,-31.1986,0.2244,-0.9051,0.8167,PHASE_3_FINAL_ALIGNING,16.20,-17.11,727.7,209.2,7.10,-342,342,,
741,09:51:36.113,ROI,160,160,256,256,10.77,11.63,7.775,0.0,85.96,724.44,203.46,122.30,82.45,0.9807,11.5900,9.6600,0.0000,0.0000,0.8106,0,9.6600,8.9273,-37.6549,0.2094,0.8633,0.8269,PHASE_3_FINAL_ALIGNING,16.20,-15.34,727.7,209.2,6.60,-307,307,,
742,09:51:36.162,ROI,160,160,256,256,10.11,10.87,10.5,0.0,92.03,725.02,202.20,122.05,82.77,0.9608,11.5600,13.0400,3.6800,14.7000,0.8546,0,13.0400,12.0134,-43.7049,0.2080,2.4209,0.8278,PHASE_3_FINAL_ALIGNING,16.20,-13.78,727.7,209.2,7.49,-276,276,,
743,09:51:36.224,ROI,160,160,256,256,18.44,19.88,0.0,0.0,50.29,723.14,202.35,119.94,81.25,0.9517,11.4700,12.8700,0.0000,0.0000,0.8094,0,12.8700,14.3275,-47.9731,0.2135,3.3648,0.8240,PHASE_3_FINAL_ALIGNING,16.20,-12.84,727.7,209.2,8.23,-257,257,,
744,09:51:36.288,ROI,160,160,256,256,19.36,20.63,0.0,0.0,48.48,723.72,203.09,122.83,83.06,0.9552,11.2000,13.8400,0.0000,0.0000,0.8106,0,13.8400,16.4295,-50.4223,0.1917,5.6759,0.8391,PHASE_3_FINAL_ALIGNING,16.20,-10.52,727.7,209.2,7.29,-210,210,,
745,09:51:36.335,ROI,160,160,256,256,12.88,13.85,14.6,0.0,72.19,725.11,202.68,123.46,82.48,0.9682,11.7700,14.8700,0.0000,0.0000,0.8452,0,14.8700,18.3512,-53.1312,0.1498,9.0378,0.8697,PHASE_3_FINAL_ALIGNING,16.20,-7.16,727.7,209.2,7.01,-143,143,,
746,09:51:36.448,ROI,160,160,256,256,10.03,11.43,0.0,0.0,87.46,723.58,201.78,122.86,81.30,0.9543,11.1400,15.5400,0.0000,0.0000,0.8394,0,15.5400,19.8303,-55.0745,0.1315,11.1243,0.8838,PHASE_3_FINAL_ALIGNING,16.20,-5.08,727.7,209.2,8.49,-101,101,,
747,09:51:36.512,ROI,160,160,256,256,9.19,9.86,0.0,0.0,101.47,723.86,202.63,124.34,83.01,0.9678,11.5700,16.2800,0.0000,0.0000,0.8112,0,16.2800,21.0595,-55.7271,0.0982,14.1922,0.9106,PHASE_3_FINAL_ALIGNING,16.20,-2.01,727.7,209.2,7.61,-40,40,,
748,09:51:36.576,ROI,160,160,256,256,10.41,11.32,7.175,0.0,88.37,723.94,203.02,126.05,83.95,0.9753,10.8800,16.0300,2.0400,21.4600,0.7945,0,16.0300,21.7577,-54.0498,0.0496,18.1767,0.9528,PHASE_3_FINAL_ALIGNING,16.20,1.98,727.7,209.2,7.23,40,-40,,
749,09:51:36.624,ROI,160,160,256,256,11.65,12.91,0.0,0.0,77.48,725.54,202.57,126.11,83.06,0.9645,10.8900,17.4800,2.6700,24.3400,0.8129,0,17.4800,22.4947,-34.0144,0.0229,21.2280,0.9776,PHASE_3_FINAL_ALIGNING,16.20,5.03,727.7,209.2,6.97,101,-101,,
750,09:51:36.687,ROI,160,160,256,256,11.23,12.17,0.0,0.0,82.17,723.43,201.38,121.78,81.78,0.9383,11.8300,17.4300,0.0000,0.0000,0.8544,0,17.4300,22.9690,-17.1198,0.0571,20.8043,0.9460,PHASE_3_FINAL_ALIGNING,16.20,4.60,727.7,209.2,8.91,92,-92,,
751,09:51:36.753,ROI,160,160,256,256,11.91,12.68,0.0,0.0,78.84,723.85,202.20,126.93,84.56,0.9278,12.1600,17.0400,0.0000,0.0000,0.8192,0,17.0400,22.8442,5.6582,0.0662,21.7769,0.9379,PHASE_3_FINAL_ALIGNING,16.20,5.58,727.7,209.2,7.99,112,-112,,
752,09:51:36.801,ROI,160,160,256,256,11.28,12.14,0.0,0.0,82.38,723.48,202.56,125.41,85.46,0.9778,11.6700,17.3200,2.7600,21.5100,0.8187,0,17.3200,22.7727,24.9456,0.0381,22.8525,0.9633,PHASE_3_FINAL_ALIGNING,16.20,6.65,727.7,209.2,7.87,133,-133,,
753,09:51:36.929,ROI,160,160,256,256,9.71,10.48,3.35,0.0,95.44,723.45,202.43,125.70,85.55,0.9947,11.4600,17.2800,2.1400,22.2600,0.8178,0,17.2800,22.1418,49.9614,0.0350,23.0832,0.9662,PHASE_3_FINAL_ALIGNING,16.20,6.88,727.7,209.2,7.99,138,-138,,
754,09:51:36.975,ROI,160,160,256,256,11.89,12.75,11.225,30.675,78.46,723.50,202.46,125.89,85.76,0.9961,11.5500,17.1500,2.1700,22.1600,0.8191,0,17.1500,21.4642,81.7206,0.0377,23.6531,0.9637,PHASE_3_FINAL_ALIGNING,16.20,7.45,727.7,209.2,7.94,149,-149,,
755,09:51:37.040,ROI,160,160,256,256,12.28,13.13,7.475,0.0,76.18,723.50,202.48,125.73,85.63,0.9972,11.0600,16.8300,2.1100,22.0300,0.8143,0,16.8300,20.3941,63.0699,0.0404,22.0513,0.9612,PHASE_3_FINAL_ALIGNING,16.20,5.85,727.7,209.2,7.93,117,-117,,
756,09:51:37.087,ROI,160,160,256,256,13.00,13.90,0.0,0.0,71.96,723.59,202.54,125.63,85.65,0.9970,11.1600,16.6900,2.1200,21.8100,0.8164,0,16.6900,19.4632,47.5141,0.0464,20.7068,0.9557,PHASE_3_FINAL_ALIGNING,16.20,4.51,727.7,209.2,7.82,90,-90,,
757,09:51:37.152,ROI,160,160,256,256,11.39,12.09,0.0,0.0,82.71,724.02,202.75,126.24,85.49,0.9884,11.2600,16.6900,2.1500,21.7300,0.8160,0,16.6900,18.5584,35.9562,0.0474,19.3460,0.9547,PHASE_3_FINAL_ALIGNING,16.20,3.15,727.7,209.2,7.42,63,-63,,
758,09:51:37.216,ROI,160,160,256,256,12.16,13.10,0.0,0.0,76.32,724.11,201.63,123.04,83.12,0.9477,11.3500,18.1500,2.9600,22.3000,0.8330,0,18.1500,18.6174,23.8735,0.0481,18.8588,0.9541,PHASE_3_FINAL_ALIGNING,16.20,2.66,727.7,209.2,8.38,53,-53,,
759,09:51:37.329,ROI,160,160,256,256,9.60,10.34,3.9,0.0,96.71,723.54,201.78,122.58,83.18,0.9871,11.7300,18.5600,0.0000,0.0000,0.8122,0,18.5600,18.5037,13.1940,0.0421,18.2894,0.9596,PHASE_3_FINAL_ALIGNING,16.20,2.09,727.7,209.2,8.51,42,-42,,
760,09:51:37.393,ROI,160,160,256,256,10.45,11.86,7.225,32.925,84.30,723.14,202.50,125.74,83.47,0.9583,11.1500,16.4700,0.0000,0.0000,0.7977,0,16.4700,18.1818,0.4203,0.0356,17.5717,0.9657,PHASE_3_FINAL_ALIGNING,16.20,1.37,727.7,209.2,8.10,27,-27,,
761,09:51:37.441,ROI,160,160,256,256,14.32,15.36,10.8,0.0,65.09,723.75,202.80,124.74,84.14,0.9825,11.0000,16.5600,2.0900,21.7500,0.8106,0,16.5600,17.7991,-8.1434,0.0445,16.6938,0.9574,PHASE_3_FINAL_ALIGNING,16.20,0.49,727.7,209.2,7.52,10,-10,,
762,09:51:37.504,ROI,160,160,256,256,15.89,16.65,0.0,23.525,60.06,723.59,202.78,124.61,84.08,0.9967,10.9200,16.4500,2.1100,21.6300,0.8071,0,16.4500,17.4370,-11.1080,0.0487,16.1113,0.9536,PHASE_3_FINAL_ALIGNING,16.20,-0.09,727.7,209.2,7.62,-2,2,,
763,09:51:37.567,ROI,160,160,256,256,11.67,12.54,0.0,0.0,79.75,723.37,202.85,124.42,83.90,0.9943,11.0000,16.1800,2.1400,21.1900,0.8063,0,16.1800,17.0883,-10.0838,0.0366,16.1299,0.9647,PHASE_3_FINAL_ALIGNING,16.20,-0.07,727.7,209.2,7.69,-1,1,,
764,09:51:37.616,ROI,160,160,256,256,11.26,12.54,0.0,0.0,79.77,723.32,202.91,124.82,83.87,0.9953,11.1500,15.9100,2.5900,19.9500,0.8090,0,15.9100,16.7358,-12.2191,0.0447,15.4972,0.9572,PHASE_4_FWD_BWD,16.20,-0.70,727.7,209.2,7.66,0,0,,
765,09:51:37.728,ROI,160,160,256,256,9.83,10.81,0.0,0.0,92.48,723.37,202.90,125.50,83.89,0.9941,11.1800,15.7600,0.0000,0.0000,0.8094,0,15.7600,16.4283,-12.8246,0.0525,14.9700,0.9501,PHASE_4_FWD_BWD,16.20,-1.23,727.7,209.2,7.65,0,0,,
766,09:51:37.792,ROI,160,160,256,256,9.39,10.70,7.325,36.6,93.45,723.45,202.96,125.74,83.87,0.9966,11.0700,15.7400,0.0000,0.0000,0.8041,0,15.7400,16.0981,-10.3829,0.0639,14.5075,0.9399,PHASE_4_FWD_BWD,16.20,-1.69,727.7,209.2,7.55,0,0,,
767,09:51:37.855,ROI,160,160,256,256,9.70,10.42,0.0,37.625,95.94,723.38,202.90,125.81,83.98,0.9975,11.0700,15.7200,0.0000,0.0000,0.8071,0,15.7200,15.9299,6.8321,0.0564,15.4444,0.9466,PHASE_4_FWD_BWD,16.20,-0.76,727.7,209.2,7.64,0,0,,
768,09:51:37.904,ROI,160,160,256,256,9.56,10.42,10.25,0.0,95.94,723.40,202.96,126.03,83.97,0.9967,11.1500,15.6100,0.0000,0.0000,0.8089,0,15.6100,15.7646,20.4730,0.0449,15.9671,0.9570,PHASE_4_FWD_BWD,16.20,-0.23,727.7,209.2,7.58,0,0,,
769,09:51:37.968,ROI,160,160,256,256,9.35,10.13,7.275,0.0,98.68,723.69,203.06,125.98,84.03,0.9932,11.3900,15.5100,0.0000,0.0000,0.8122,0,15.5100,15.5674,39.2394,0.0432,16.5486,0.9586,PHASE_4_FWD_BWD,16.20,0.35,727.7,209.2,7.34,0,0,,
770,09:51:38.031,ROI,160,160,256,256,9.94,10.76,14.675,0.0,92.97,724.73,202.73,125.98,82.26,0.9630,10.6200,17.6600,2.4300,24.7700,0.7989,0,17.6600,15.8682,61.9725,0.0440,17.8108,0.9579,PHASE_4_FWD_BWD,16.20,1.61,727.7,209.2,7.12,0,0,,
771,09:51:38.080,ROI,160,160,256,256,9.42,10.23,20.25,0.0,97.75,724.42,202.24,122.80,82.16,0.9634,11.3000,15.1600,2.7900,19.3900,0.8192,0,15.1600,15.6470,53.5308,0.0385,17.0498,0.9630,PHASE_4_FWD_BWD,16.20,0.85,727.7,209.2,7.70,0,0,,
772,09:51:38.192,ROI,160,160,256,256,9.62,10.44,7.75,0.0,95.78,726.18,201.68,125.31,82.38,0.9590,9.6700,15.8200,2.0600,22.0600,0.8119,0,15.8200,15.5835,58.3951,0.0637,18.1482,0.9401,PHASE_4_FWD_BWD,16.20,1.95,727.7,209.2,7.67,0,0,,
773,09:51:38.255,ROI,160,160,256,256,8.14,8.84,14.6,0.0,113.18,727.39,201.75,124.40,82.67,0.9773,10.0400,16.2000,0.0000,0.0000,0.7864,0,16.2000,15.5856,49.9527,0.1194,19.2515,0.8933,PHASE_4_FWD_BWD,16.20,3.05,727.7,209.2,7.45,0,0,,
774,09:51:38.320,ROI,160,160,256,256,7.88,8.71,14.125,0.0,114.84,729.67,201.21,125.73,82.69,0.9518,9.0200,16.2100,0.0000,0.0000,0.7750,0,16.2100,15.5853,42.6704,0.2117,20.3183,0.8253,PHASE_4_FWD_BWD,16.20,4.12,727.7,209.2,8.23,0,0,,
775,09:51:38.368,ROI,160,160,256,256,7.91,8.59,19.825,0.0,116.45,731.51,201.45,127.02,84.56,0.9500,9.9200,17.2900,0.0000,0.0000,0.7826,0,17.2900,15.8144,36.1004,0.3312,20.8609,0.7512,PHASE_4_FWD_BWD,16.20,4.66,727.7,209.2,8.64,0,0,,
776,09:51:38.432,ROI,160,160,256,256,7.79,8.63,14.025,0.0,115.92,734.20,201.10,124.74,82.78,0.9383,10.5000,16.2400,0.0000,0.0000,0.8052,0,16.2400,15.9803,28.9095,0.4872,20.2158,0.6724,PHASE_4_FWD_BWD,16.20,4.02,727.7,209.2,10.39,0,0,,
777,09:51:38.497,ROI,160,160,256,256,8.54,9.40,13.9,41.6,106.40,736.10,201.18,125.25,83.46,0.9624,12.3000,16.8000,0.0000,0.0000,0.8468,0,16.8000,16.3399,21.8080,0.6438,18.4815,0.6084,PHASE_4_FWD_BWD,16.20,2.28,727.7,209.2,11.61,0,0,,
778,09:51:38.546,ROI,160,160,256,256,9.08,9.86,0.0,0.0,101.44,736.88,200.92,125.25,83.02,0.9815,11.4700,18.5300,0.0000,0.0000,0.8075,0,18.5300,16.8522,13.0909,0.7790,15.2052,0.5621,PHASE_4_FWD_BWD,16.20,-0.99,727.7,209.2,12.36,0,0,,
779,09:51:38.656,ROI,160,160,256,256,8.33,9.07,3.875,0.0,110.28,741.41,200.11,126.67,82.56,0.9133,11.1100,16.9800,0.0000,0.0000,0.8499,0,16.9800,17.0212,5.4806,0.9772,11.3174,0.5058,PHASE_4_FWD_BWD,16.20,-4.88,727.7,209.2,16.45,0,0,,
780,09:51:38.720,ROI,160,160,256,256,12.63,13.64,14.175,0.0,73.32,744.90,199.18,126.11,83.09,0.9258,10.1500,18.6000,0.0000,0.0000,0.8408,0,18.6000,17.5021,0.2252,1.1987,8.0831,0.4548,PHASE_4_FWD_BWD,16.20,-8.12,727.7,209.2,19.91,0,0,,
781,09:51:38.784,ROI,160,160,256,256,10.27,11.22,15.8,0.0,89.13,747.87,198.22,125.02,83.23,0.9324,10.5400,18.2600,0.0000,0.0000,0.8626,0,18.2600,17.8457,-2.2661,1.4252,6.0269,0.4123,PHASE_4_FWD_BWD,16.20,-10.17,727.7,209.2,22.97,0,0,,
782,09:51:38.832,ROI,160,160,256,256,9.71,10.83,20.8,0.0,92.34,752.28,197.90,123.76,84.02,0.9232,12.2800,16.2100,0.0000,0.0000,0.8989,0,16.2100,17.7033,-5.5570,1.6762,3.1344,0.3737,PHASE_4_FWD_BWD,16.20,-13.07,727.7,209.2,27.05,0,0,,
783,09:51:38.896,ROI,160,160,256,256,7.99,8.83,14.675,44.225,113.23,755.02,195.98,124.27,81.87,0.9142,11.9500,17.1300,0.0000,0.0000,0.9076,0,17.1300,17.7272,-7.4060,1.9209,1.1986,0.3424,PHASE_4_FWD_BWD,16.20,-15.00,727.7,209.2,30.36,0,0,,
784,09:51:38.961,ROI,160,160,256,256,8.47,9.24,6.95,0.0,108.20,756.71,194.18,128.26,83.01,0.9281,11.9300,19.6200,0.0000,0.0000,0.8745,0,19.6200,18.2345,-6.9677,2.1354,1.0703,0.3189,PHASE_4_FWD_BWD,16.20,-15.13,727.7,209.2,32.67,0,0,,
785,09:51:39.008,ROI,160,160,288,288,9.94,10.80,0.0,0.0,92.62,759.11,195.15,121.07,82.12,0.9224,15.2100,21.3600,0.0000,0.0000,0.8701,0,21.3600,19.0277,-2.4099,2.3163,4.0545,0.3015,PHASE_4_FWD_BWD,16.20,-12.15,727.7,209.2,34.41,0,0,,
786,09:51:39.137,ROI,160,160,256,256,8.45,9.30,3.325,0.0,107.55,765.91,193.37,127.34,82.98,0.8600,14.2900,16.3800,0.0000,0.0000,0.9216,0,16.3800,18.6904,2.2377,2.5450,6.8788,0.2821,PHASE_4_FWD_BWD,16.20,-9.32,727.7,209.2,41.36,0,0,,
787,09:51:39.183,ROI,160,160,256,256,8.12,8.91,0.0,0.0,112.21,767.22,191.30,126.83,80.78,0.9318,12.8400,19.0900,0.0000,0.0000,0.8903,0,19.0900,18.8831,9.2191,2.7193,11.8174,0.2689,PHASE_4_FWD_BWD,16.20,-4.38,727.7,209.2,43.39,0,0,,
788,09:51:39.247,ROI,160,160,256,256,8.49,9.33,7.125,0.0,107.15,771.62,191.59,123.71,83.07,0.9076,12.4700,15.8500,0.0000,0.0000,0.8556,0,15.8500,18.5888,20.3025,2.8963,19.8626,0.2567,PHASE_4_FWD_BWD,16.20,3.66,727.7,209.2,47.32,0,0,,
789,09:51:39.297,ROI,160,160,256,256,8.53,9.39,9.525,0.0,106.50,773.26,191.06,126.08,82.11,0.9621,13.6900,15.6600,0.0000,0.0000,0.9003,0,15.6600,18.0095,15.3414,3.0002,16.0084,0.2500,PHASE_4_FWD_BWD,16.20,-0.19,727.7,209.2,49.03,0,0,,
790,09:51:39.361,ROI,160,160,256,256,7.81,8.65,7.2,0.0,115.61,777.86,191.16,126.34,86.98,0.8793,14.1900,15.3100,0.0000,0.0000,0.8832,0,15.3100,17.4232,14.1750,3.1150,14.9643,0.2430,PHASE_4_FWD_BWD,16.20,-1.24,727.7,209.2,53.31,0,0,,
791,09:51:39.425,ROI,160,160,256,256,7.94,8.61,7.05,0.0,116.11,779.35,189.11,127.52,81.30,0.9140,13.1700,15.1800,0.0000,0.0000,0.8950,0,15.1800,16.8615,14.1481,3.1780,14.7976,0.2393,PHASE_4_FWD_BWD,16.20,-1.40,727.7,209.2,55.42,0,0,,
792,09:51:39.471,ROI,160,160,256,256,7.93,8.76,10.475,0.0,114.18,783.94,187.29,127.31,82.14,0.8912,13.5900,16.2800,0.0000,0.0000,0.9038,0,16.2800,16.5439,14.6643,3.2631,15.1052,0.2346,PHASE_4_FWD_BWD,16.20,-1.09,727.7,209.2,60.36,0,0,,
793,09:51:39.601,ROI,160,160,256,256,8.66,9.51,0.0,0.0,105.16,791.48,186.06,131.30,82.83,0.8650,14.3800,15.2900,0.0000,0.0000,0.8528,0,15.2900,16.1424,15.0388,3.3996,15.2896,0.2273,PHASE_4_FWD_BWD,16.20,-0.91,727.7,209.2,67.85,0,0,,
794,09:51:39.647,ROI,160,160,288,288,9.26,10.10,10.8,0.0,99.05,791.61,187.48,128.74,82.39,0.9476,13.9700,18.2200,0.0000,0.0000,0.8899,0,18.2200,16.2591,15.4668,3.4568,15.6445,0.2244,PHASE_4_FWD_BWD,16.20,-0.56,727.7,209.2,67.50,0,0,,
795,09:51:39.711,ROI,160,160,288,288,7.89,8.73,0.0,0.0,114.52,796.69,185.27,130.93,82.35,0.8783,12.3000,16.5500,0.0000,0.0000,0.8639,0,16.5500,16.0614,15.8390,3.5238,15.8882,0.2211,PHASE_4_FWD_BWD,16.20,-0.31,727.7,209.2,73.02,0,0,,
796,09:51:39.777,ROI,160,160,288,288,8.10,8.82,6.825,0.0,113.37,800.28,184.75,126.23,82.24,0.9339,9.9800,15.8100,0.0000,0.0000,0.8039,0,15.8100,15.9089,16.0629,3.5410,16.0290,0.2202,PHASE_4_FWD_BWD,16.20,-0.17,727.7,209.2,76.59,0,0,,
797,09:51:39.823,ROI,160,160,256,256,8.09,8.91,10.55,0.0,112.29,802.45,183.70,126.32,82.70,0.9424,12.3000,16.6400,0.0000,0.0000,0.8497,0,16.6400,15.8018,16.1152,3.5545,16.0464,0.2196,PHASE_4_FWD_BWD,16.20,-0.15,727.7,209.2,78.98,0,0,,
798,09:51:39.887,ROI,160,160,256,256,11.39,12.35,7.05,0.0,80.98,808.51,183.77,125.65,83.86,0.8963,11.6400,15.4900,0.0000,0.0000,0.7941,0,15.4900,15.6452,15.9540,3.6112,15.8871,0.2169,PHASE_4_FWD_BWD,16.20,-0.31,727.7,209.2,84.72,0,0,,
799,09:51:39.937,ROI,160,160,256,256,13.08,14.05,21.0,0.0,71.17,810.59,182.87,126.14,81.90,0.9454,9.6700,13.6000,0.0000,0.0000,0.7985,0,13.6000,15.1186,15.6633,3.6335,15.5458,0.2158,PHASE_4_FWD_BWD,16.20,-0.65,727.7,209.2,86.97,0,0,,
800,09:51:40.064,ROI,160,160,256,256,7.74,8.45,3.425,0.0,118.33,817.47,181.65,125.42,80.40,0.8709,9.1400,13.5800,0.0000,0.0000,0.7457,0,13.5800,14.4419,15.1417,3.7307,14.9937,0.2114,PHASE_4_FWD_BWD,16.20,-1.21,727.7,209.2,93.90,0,0,,
801,09:51:40.111,ROI,160,160,256,256,8.44,9.26,10.15,0.0,108.01,821.85,180.36,122.50,80.22,0.9033,8.4900,13.6300,0.0000,0.0000,0.7956,0,13.6300,13.9237,14.5776,3.8304,14.4422,0.2070,PHASE_4_FWD_BWD,16.20,-1.76,727.7,209.2,98.47,0,0,,
802,09:51:40.175,ROI,160,160,256,256,7.92,8.69,7.125,0.0,115.11,823.46,179.46,125.28,79.97,0.9528,9.6400,16.1100,0.0000,0.0000,0.8213,0,16.1100,14.2513,14.1455,3.8597,14.1672,0.2058,PHASE_4_FWD_BWD,16.20,-2.03,727.7,209.2,100.28,0,0,,
803,09:51:40.241,ROI,160,160,256,256,7.78,8.63,6.825,0.0,115.89,827.85,178.86,120.85,79.36,0.9176,8.7200,17.0300,0.0000,0.0000,0.7167,0,17.0300,15.0220,13.6578,3.8670,13.9381,0.2055,PHASE_4_FWD_BWD,16.20,-2.26,727.7,209.2,104.64,0,0,,
804,09:51:40.287,ROI,160,160,256,256,7.98,8.71,10.425,0.0,114.84,830.55,179.54,123.36,79.17,0.9408,10.5200,15.4900,0.0000,0.0000,0.7701,0,15.4900,15.0002,13.0755,3.9102,13.4675,0.2037,PHASE_4_FWD_BWD,16.20,-2.73,727.7,209.2,107.04,0,0,,
805,09:51:40.351,ROI,160,160,256,256,7.83,8.68,7.1,0.0,115.26,833.68,178.28,121.57,79.44,0.9213,8.1900,15.5200,0.0000,0.0000,0.7461,0,15.5200,15.3013,12.6048,3.9089,13.1541,0.2037,PHASE_4_FWD_BWD,16.20,-3.05,727.7,209.2,110.40,0,0,,
806,09:51:40.415,ROI,160,160,256,256,7.92,8.64,0.0,0.0,115.74,836.42,178.14,122.74,78.82,0.9487,8.1200,14.2700,0.0000,0.0000,0.7536,0,14.2700,15.0491,12.1079,3.8988,12.7083,0.2041,PHASE_4_FWD_BWD,16.20,-3.49,727.7,209.2,113.07,0,0,,
807,09:51:40.529,ROI,160,160,256,256,8.41,9.46,0.0,0.0,105.69,843.76,176.58,126.05,78.22,0.8558,9.9100,14.3200,0.0000,0.0000,0.8038,0,14.3200,14.8138,11.6335,3.9172,12.2802,0.2034,PHASE_4_FWD_BWD,16.20,-3.92,727.7,209.2,120.56,0,0,,
808,09:51:40.577,ROI,160,160,256,256,10.69,11.67,0.0,0.0,85.67,844.38,176.30,124.66,77.34,0.9778,10.4700,14.3600,0.0000,0.0000,0.8303,0,14.3600,14.5713,11.1029,3.8870,11.8126,0.2046,PHASE_4_FWD_BWD,16.20,-4.39,727.7,209.2,121.22,0,0,,
809,09:51:40.639,ROI,160,160,256,256,7.84,8.57,0.0,0.0,116.74,848.51,174.90,125.54,76.66,0.9034,9.8800,14.0400,0.0000,0.0000,0.8468,0,14.0400,14.2655,10.6998,3.8285,11.4383,0.2071,PHASE_4_FWD_BWD,16.20,-4.76,727.7,209.2,125.59,0,0,,
810,09:51:40.705,ROI,160,160,256,256,11.40,12.22,0.0,32.0,81.86,851.42,175.66,123.89,78.26,0.9354,11.0900,14.7500,0.0000,0.0000,0.8233,0,14.7500,14.2473,10.4333,3.7671,11.2334,0.2098,PHASE_4_FWD_BWD,16.20,-4.97,727.7,209.2,128.19,0,0,,
811,09:51:40.752,ROI,160,160,256,256,8.63,9.52,11.2,0.0,105.05,855.11,174.49,123.89,77.25,0.9149,11.9200,13.3800,0.0000,0.0000,0.8711,0,13.3800,13.8654,10.2837,3.7815,11.0328,0.2091,PHASE_4_FWD_BWD,16.20,-5.17,727.7,209.2,132.06,0,0,,
812,09:51:40.815,ROI,160,160,256,256,8.07,8.85,7.225,0.0,113.06,857.54,174.10,125.15,76.61,0.9522,10.8900,12.3600,0.0000,0.0000,0.8325,0,12.3600,13.6339,10.1108,3.7029,10.8599,0.2126,PHASE_4_FWD_BWD,16.20,-5.34,727.7,209.2,134.51,0,0,,
813,09:51:40.929,ROI,160,160,256,256,7.79,8.52,3.725,0.0,117.43,863.11,171.22,123.02,75.87,0.8502,12.0800,14.3600,0.0000,0.0000,0.9029,0,14.3600,13.7290,10.0992,3.6968,10.8720,0.2129,PHASE_4_FWD_BWD,16.20,-5.33,727.7,209.2,140.64,0,0,,
814,09:51:40.992,ROI,160,160,256,256,7.84,8.57,7.25,0.0,116.75,866.78,169.94,119.58,73.70,0.9104,11.0900,13.6300,0.0000,0.0000,0.8556,0,13.6300,13.6309,10.2417,3.6893,10.9644,0.2133,PHASE_4_FWD_BWD,16.20,-5.24,727.7,209.2,144.51,0,0,,
815,09:51:41.058,ROI,160,160,256,256,10.21,11.18,6.8,0.0,89.45,869.25,170.44,119.50,74.67,0.9470,12.2200,14.3000,0.0000,0.0000,0.8537,0,14.3000,13.8004,10.5054,3.6279,11.2174,0.2161,PHASE_4_FWD_BWD,16.20,-4.98,727.7,209.2,146.76,0,0,,
816,09:51:41.105,ROI,160,160,256,256,11.44,12.54,10.85,0.0,79.77,870.34,169.81,123.38,74.10,0.9527,11.2300,14.7300,0.0000,0.0000,0.8716,0,14.7300,13.9711,10.7758,3.5632,11.4760,0.2191,PHASE_4_FWD_BWD,16.20,-4.72,727.7,209.2,147.98,0,0,,
817,09:51:41.168,ROI,160,160,256,256,11.07,12.20,15.4,0.0,81.99,873.54,169.56,120.83,75.09,0.9370,11.1400,14.5400,0.0000,0.0000,0.8605,0,14.5400,13.9063,11.0616,3.4670,11.6985,0.2239,PHASE_4_FWD_BWD,16.20,-4.50,727.7,209.2,151.13,0,0,,
818,09:51:41.233,ROI,160,160,256,256,7.80,8.52,14.925,0.0,117.31,875.46,168.23,125.28,75.89,0.9315,10.9900,14.7700,0.0000,0.0000,0.8685,0,14.7700,13.8699,11.3564,3.4129,11.9260,0.2266,PHASE_4_FWD_BWD,16.20,-4.27,727.7,209.2,153.34,0,0,,
819,09:51:41.281,ROI,160,160,256,256,7.95,8.65,0.0,0.0,115.55,875.82,167.46,124.18,76.18,0.9713,11.4800,15.8700,0.0000,0.0000,0.8650,0,15.8700,14.0433,11.7526,3.3345,12.2811,0.2307,PHASE_4_FWD_BWD,16.20,-3.92,727.7,209.2,153.89,0,0,,
820,09:51:41.409,ROI,160,160,256,256,7.84,8.56,3.275,0.0,116.84,877.22,167.08,122.27,78.27,0.9517,12.0600,15.6400,0.0000,0.0000,0.8782,0,15.6400,14.4058,12.3381,3.2025,12.8302,0.2380,PHASE_4_FWD_BWD,16.20,-3.37,727.7,209.2,155.34,0,0,,
821,09:51:41.457,ROI,160,160,256,256,8.67,9.38,10.0,0.0,106.58,877.88,167.29,124.35,78.14,0.9781,12.7200,16.1900,0.0000,0.0000,0.8907,0,16.1900,14.9915,13.0079,3.0537,13.4972,0.2467,PHASE_4_FWD_BWD,16.20,-2.70,727.7,209.2,155.92,0,0,,
822,09:51:41.521,ROI,160,160,256,256,8.78,9.51,7.075,0.0,105.17,879.56,166.92,122.46,78.35,0.9642,12.8800,15.5500,0.0000,0.0000,0.8963,0,15.5500,15.2897,13.6304,2.8774,14.0584,0.2579,PHASE_4_FWD_BWD,16.20,-2.14,727.7,209.2,157.64,0,0,,
823,09:51:41.583,ROI,160,160,256,256,9.71,10.60,7.425,0.0,94.35,877.96,166.05,123.78,77.92,0.9531,12.3400,17.3200,0.0000,0.0000,0.8653,0,17.3200,15.9525,14.4089,2.6395,14.8330,0.2748,PHASE_4_FWD_BWD,16.20,-1.37,727.7,209.2,156.33,0,0,,
824,09:51:41.631,ROI,160,160,256,256,8.56,9.28,10.475,0.0,107.80,879.11,166.86,121.94,78.42,0.9614,13.1400,16.5300,0.0000,0.0000,0.8794,0,16.5300,16.2832,15.1708,2.3752,15.5003,0.2963,PHASE_4_FWD_BWD,16.20,-0.70,727.7,209.2,157.22,0,0,,
825,09:51:41.697,ROI,160,160,256,256,8.59,9.47,6.9,0.0,105.56,879.19,166.13,126.54,78.19,0.9460,13.0200,17.0100,0.0000,0.0000,0.8881,0,17.0100,16.6780,15.9480,2.1717,16.1781,0.3153,PHASE_4_FWD_BWD,16.20,-0.02,727.7,209.2,157.50,0,0,,
826,09:51:41.761,ROI,160,160,256,256,7.92,8.63,7.15,0.0,115.86,879.14,166.35,126.77,78.58,0.9925,13.0000,17.1000,0.0000,0.0000,0.8842,0,17.1000,17.0484,16.7191,1.9034,16.8325,0.3444,PHASE_4_FWD_BWD,16.20,0.63,727.7,209.2,157.39,0,0,,
827,09:51:41.810,ROI,160,160,256,256,8.90,9.62,9.85,0.0,103.91,879.14,166.42,126.86,78.54,0.9976,13.0000,17.0100,0.0000,0.0000,0.8834,0,17.0100,17.3168,17.5956,1.6463,17.4903,0.3779,PHASE_4_FWD_BWD,16.20,1.29,727.7,209.2,157.37,0,0,,
828,09:51:41.937,ROI,160,160,256,256,8.62,9.31,0.0,0.0,107.46,877.69,166.34,124.64,77.90,0.9692,12.3300,17.3500,0.0000,0.0000,0.8624,0,17.3500,17.6816,18.4701,1.3496,18.1345,0.4256,PHASE_4_FWD_BWD,16.20,1.93,727.7,209.2,155.99,0,0,,
829,09:51:41.985,ROI,160,160,256,256,7.92,8.62,0.0,0.0,115.95,878.09,167.09,124.67,78.03,0.9747,13.0900,16.4000,0.0000,0.0000,0.8869,0,16.4000,17.6542,19.2281,1.0736,18.4690,0.4823,PHASE_4_FWD_BWD,16.20,2.27,727.7,209.2,156.17,0,0,,
830,09:51:42.047,ROI,160,160,256,256,8.55,9.26,7.325,0.0,108.00,876.59,167.06,120.88,76.32,0.9483,11.0600,16.6600,0.0000,0.0000,0.8480,0,16.6600,17.5136,19.8703,0.7707,18.5394,0.5647,PHASE_4_FWD_BWD,16.20,2.34,727.7,209.2,154.74,0,0,,
831,09:51:42.095,ROI,160,160,256,256,7.86,8.56,10.075,0.0,116.88,875.90,167.56,123.46,76.45,0.9666,11.3700,14.9900,0.0000,0.0000,0.8749,0,14.9900,17.1780,20.8088,0.5339,18.4418,0.6519,PHASE_4_FWD_BWD,16.20,2.24,727.7,209.2,153.94,0,0,,
832,09:51:42.161,ROI,160,160,256,256,7.82,8.53,6.775,0.0,117.21,874.95,167.61,123.12,76.59,0.9828,10.5700,15.6900,0.0000,0.0000,0.8448,0,15.6900,16.8935,22.7320,0.3319,18.3484,0.7508,PHASE_4_FWD_BWD,16.20,2.15,727.7,209.2,153.01,0,0,,
833,09:51:42.226,ROI,160,160,256,256,7.97,8.67,7.0,0.0,115.35,874.64,168.06,123.39,75.63,0.9825,10.4400,15.1400,0.0000,0.0000,0.8428,0,15.1400,16.5347,25.9454,0.1465,17.7370,0.8722,PHASE_4_FWD_BWD,16.20,1.54,727.7,209.2,152.59,0,0,,
834,09:51:42.274,ROI,160,160,256,256,8.73,9.63,9.975,0.0,103.80,871.42,168.45,120.56,74.86,0.9389,10.2500,15.2000,0.0000,0.0000,0.8322,0,15.2000,16.2212,19.8705,0.1015,16.5575,0.9079,PHASE_4_FWD_BWD,16.20,0.36,727.7,209.2,149.39,0,0,,
835,09:51:42.402,ROI,160,160,256,256,9.55,10.46,3.3,0.0,95.63,867.88,169.92,121.26,73.84,0.9075,12.1500,14.7600,0.0000,0.0000,0.8719,0,14.7600,15.7884,18.6862,0.3317,16.5102,0.7509,PHASE_4_FWD_BWD,16.20,0.31,727.7,209.2,145.58,0,0,,
836,09:51:42.450,ROI,160,160,256,256,8.44,9.42,10.15,0.0,106.12,866.52,170.09,121.46,76.05,0.9497,11.1700,15.6900,0.0000,0.0000,0.8400,0,15.6900,15.5675,17.9693,0.5394,16.4091,0.6496,PHASE_4_FWD_BWD,16.20,0.21,727.7,209.2,144.22,0,0,,
837,09:51:42.514,ROI,160,160,256,256,11.51,12.31,0.0,0.0,81.24,862.91,171.25,121.10,73.20,0.9079,11.5300,13.4900,0.0000,0.0000,0.8490,0,13.4900,15.0025,17.3245,0.7842,16.0231,0.5605,PHASE_4_FWD_BWD,16.20,-0.18,727.7,209.2,140.44,0,0,,
838,09:51:42.575,ROI,160,160,256,256,8.53,9.23,7.9,0.0,108.36,859.68,171.91,122.29,74.82,0.9282,10.9800,12.6700,0.0000,0.0000,0.8669,0,12.6700,14.2858,16.7088,1.0304,15.5154,0.4925,PHASE_4_FWD_BWD,16.20,-0.68,727.7,209.2,137.15,0,0,,
839,09:51:42.626,ROI,160,160,256,256,9.33,10.23,0.0,0.0,97.72,856.44,173.08,124.11,76.62,0.9205,10.9900,13.4000,0.0000,0.0000,0.8791,0,13.4000,13.8318,16.2334,1.2881,15.1838,0.4371,PHASE_4_FWD_BWD,16.20,-1.02,727.7,209.2,133.71,0,0,,
840,09:51:42.688,ROI,160,160,256,256,8.26,9.07,7.575,0.0,110.23,852.98,174.73,125.70,77.44,0.9074,11.9000,14.9100,0.0000,0.0000,0.8189,0,14.9100,13.6647,15.9304,1.5329,15.0359,0.3948,PHASE_4_FWD_BWD,16.20,-1.16,727.7,209.2,129.93,0,0,,
841,09:51:42.751,ROI,160,160,256,256,8.50,9.22,14.35,0.0,108.41,851.57,175.47,126.40,79.26,0.9556,10.8200,14.8000,0.0000,0.0000,0.7990,0,14.8000,13.6829,15.6912,1.7731,14.9670,0.3606,PHASE_4_FWD_BWD,16.20,-1.23,727.7,209.2,128.38,0,0,,
842,09:51:42.802,ROI,160,160,256,256,16.79,17.88,9.4,0.0,55.94,847.94,176.33,122.86,78.03,0.9235,11.5700,15.2700,0.0000,0.0000,0.8355,0,15.2700,13.7538,15.5624,2.0039,14.9603,0.3329,PHASE_4_FWD_BWD,16.20,-1.24,727.7,209.2,124.66,0,0,,
843,09:51:42.930,ROI,160,160,256,256,20.89,21.64,3.575,18.05,46.21,841.42,177.71,121.87,78.38,0.8690,10.8500,15.5600,0.0000,0.0000,0.7611,0,15.5600,13.9595,15.4235,2.2782,14.9769,0.3050,PHASE_4_FWD_BWD,16.20,-1.22,727.7,209.2,118.00,0,0,,
844,09:51:42.977,ROI,160,160,256,256,7.73,8.43,15.25,0.0,118.64,839.13,176.98,124.14,77.73,0.9461,7.4700,15.8800,0.0000,0.0000,0.7329,0,15.8800,14.2661,15.2213,2.5079,14.9490,0.2851,PHASE_4_FWD_BWD,16.20,-1.25,727.7,209.2,115.99,0,0,,
845,09:51:43.039,ROI,160,160,256,256,8.57,9.30,7.225,0.0,107.48,834.68,178.62,120.80,76.69,0.8924,10.0000,15.4900,0.0000,0.0000,0.7189,0,15.4900,14.5043,15.0796,2.7358,14.9256,0.2677,PHASE_4_FWD_BWD,16.20,-1.27,727.7,209.2,111.26,0,0,,
846,09:51:43.089,ROI,160,160,256,256,7.98,8.69,9.625,0.0,115.06,832.58,178.26,124.19,78.64,0.9423,9.0900,16.2800,0.0000,0.0000,0.7509,0,16.2800,14.9686,14.8939,2.9295,14.9129,0.2545,PHASE_4_FWD_BWD,16.20,-1.29,727.7,209.2,109.35,0,0,,
847,09:51:43.152,ROI,160,160,256,256,9.50,10.22,7.25,0.0,97.80,827.84,179.12,123.74,75.30,0.8883,8.6700,15.3300,0.0000,0.0000,0.6826,0,15.3300,15.1517,14.6858,3.1077,14.7992,0.2434,PHASE_4_FWD_BWD,16.20,-1.40,727.7,209.2,104.56,0,0,,
848,09:51:43.216,ROI,160,160,256,256,9.15,10.00,0.0,0.0,99.97,824.78,178.82,124.46,78.62,0.9123,7.6300,18.9200,0.0000,0.0000,0.7066,0,18.9200,16.1173,14.4178,3.2587,14.8168,0.2348,PHASE_4_FWD_BWD,16.20,-1.38,727.7,209.2,101.72,0,0,,
849,09:51:43.330,ROI,160,160,256,256,15.26,16.33,3.75,0.0,61.25,819.78,180.91,122.22,80.03,0.8767,7.7200,16.9900,0.0000,0.0000,0.6219,0,16.9900,16.4626,14.3879,3.4099,14.8583,0.2268,PHASE_4_FWD_BWD,16.20,-1.34,727.7,209.2,96.32,0,0,,
850,09:51:43.394,ROI,160,160,256,256,13.51,14.64,8.15,26.7,68.32,816.94,181.04,124.99,80.32,0.9517,9.7800,13.7100,0.0000,0.0000,0.7888,0,13.7100,16.1792,14.9879,3.5097,15.2521,0.2217,PHASE_4_FWD_BWD,16.20,-0.95,727.7,209.2,93.57,0,0,,
851,09:51:43.440,ROI,160,160,256,256,12.25,13.37,12.4,0.0,74.78,812.83,181.98,123.89,79.89,0.9152,10.0600,14.8500,0.0000,0.0000,0.7696,0,14.8500,16.1029,16.5729,3.5687,16.4700,0.2189,PHASE_4_FWD_BWD,16.20,0.27,727.7,209.2,89.38,0,0,,
852,09:51:43.504,ROI,160,160,256,256,8.83,9.70,7.675,0.0,103.13,811.28,182.65,125.50,81.25,0.9592,7.2100,12.7500,0.0000,0.0000,0.6702,0,12.7500,15.6084,13.6212,3.5895,14.0542,0.2179,PHASE_4_FWD_BWD,16.20,-2.15,727.7,209.2,87.70,0,0,,
853,09:51:43.569,ROI,160,160,256,256,11.52,12.59,7.075,0.0,79.41,806.10,183.42,124.18,81.14,0.9036,9.4900,14.2000,0.0000,0.0000,0.6886,0,14.2000,15.4049,12.6795,3.6486,13.2658,0.2151,PHASE_4_FWD_BWD,16.20,-2.93,727.7,209.2,82.53,0,0,,
854,09:51:43.617,ROI,160,160,256,256,15.54,16.63,0.0,0.0,60.12,802.99,183.34,125.17,80.66,0.9458,10.6100,14.4700,0.0000,0.0000,0.8002,0,14.4700,15.3697,11.8865,3.6574,12.6344,0.2147,PHASE_4_FWD_BWD,16.20,-3.57,727.7,209.2,79.61,0,0,,
855,09:51:43.746,ROI,160,160,256,256,26.08,27.16,3.5,14.375,36.82,795.74,185.24,126.62,80.85,0.8522,11.0200,16.7400,0.0000,0.0000,0.7267,0,16.7400,15.5761,11.1291,3.7376,12.0678,0.2111,PHASE_4_FWD_BWD,16.20,-4.13,727.7,209.2,72.14,0,0,,
856,09:51:43.795,ROI,160,160,256,256,14.56,15.82,18.1,24.7,63.22,791.13,186.26,126.77,79.66,0.9071,12.0700,15.2600,0.0000,0.0000,0.7764,0,15.2600,15.3315,10.3851,3.8240,11.4105,0.2073,PHASE_4_FWD_BWD,16.20,-4.79,727.7,209.2,67.45,0,0,,
857,09:51:43.856,ROI,160,160,256,256,39.14,40.26,17.15,9.7,24.84,788.98,186.03,127.95,82.00,0.9397,10.8300,17.0100,0.0000,0.0000,0.7860,0,17.0100,15.4808,9.7135,3.8689,10.8980,0.2054,PHASE_4_FWD_BWD,16.20,-5.30,727.7,209.2,65.52,0,0,,
858,09:51:43.911,ROI,160,160,256,256,23.71,24.86,27.05,0.0,40.22,785.22,187.55,125.34,78.70,0.9050,12.5800,14.2100,0.0000,0.0000,0.7966,0,14.2100,15.1613,9.2695,3.9143,10.4684,0.2035,PHASE_4_FWD_BWD,16.20,-5.73,727.7,209.2,61.46,0,0,,
859,09:51:43.969,ROI,160,160,256,256,14.10,15.34,0.0,0.0,65.19,783.82,187.05,126.26,81.66,0.9428,12.4200,15.1800,0.0000,0.0000,0.8421,0,15.1800,15.0405,8.9544,3.8698,10.2042,0.2053,PHASE_4_FWD_BWD,16.20,-6.00,727.7,209.2,60.33,0,0,,
860,09:51:44.032,ROI,160,160,256,256,10.26,11.49,8.225,0.0,87.03,780.79,188.34,126.27,81.70,0.9241,12.5100,14.1900,0.0000,0.0000,0.7960,0,14.1900,14.7626,8.8714,3.8125,10.0955,0.2078,PHASE_4_FWD_BWD,16.20,-6.10,727.7,209.2,57.04,0,0,,
861,09:51:44.080,ROI,160,160,256,256,9.14,9.88,10.675,0.0,101.17,774.96,189.07,126.51,81.68,0.8964,13.8900,18.9000,0.0000,0.0000,0.8064,0,18.9000,15.4999,8.9410,3.8483,10.2939,0.2063,PHASE_4_FWD_BWD,16.20,-5.91,727.7,209.2,51.37,0,0,,
862,09:51:44.209,ROI,160,160,256,256,14.76,15.91,3.275,73.675,62.86,770.26,190.34,124.34,78.67,0.8945,13.2700,14.4600,0.0000,0.0000,0.8531,0,14.4600,15.3054,9.0680,3.8717,10.3484,0.2053,PHASE_4_FWD_BWD,16.20,-5.85,727.7,209.2,46.55,0,0,,
863,09:51:44.258,ROI,160,160,256,256,13.81,15.01,23.575,0.0,66.61,765.95,191.38,128.16,79.47,0.9106,13.4400,15.6600,0.0000,0.0000,0.8437,0,15.6600,15.3381,9.3277,3.9195,10.5495,0.2033,PHASE_4_FWD_BWD,16.20,-5.65,727.7,209.2,42.20,0,0,,
864,09:51:44.322,ROI,160,160,288,288,13.77,14.96,7.925,0.0,66.85,762.14,192.62,120.85,78.84,0.9121,13.0300,22.0900,0.0000,0.0000,0.8288,0,22.0900,16.7717,9.6440,3.9322,11.0891,0.2027,PHASE_4_FWD_BWD,16.20,-5.11,727.7,209.2,38.22,0,0,,
865,09:51:44.385,ROI,160,160,256,256,14.93,16.08,8.15,0.0,62.18,760.94,192.37,121.60,79.07,0.9743,13.8400,16.3800,0.0000,0.0000,0.9037,0,16.3800,16.8291,9.9973,3.9107,11.3885,0.2036,PHASE_4_FWD_BWD,16.20,-4.81,727.7,209.2,37.26,0,0,,
866,09:51:44.434,ROI,160,160,256,256,8.92,9.67,12.125,0.0,103.38,755.68,194.03,124.43,81.20,0.8818,13.3700,17.5700,0.0000,0.0000,0.8249,0,17.5700,17.5105,10.3150,3.9024,11.7827,0.2040,PHASE_4_FWD_BWD,16.20,-4.42,727.7,209.2,31.83,0,0,,
867,09:51:44.496,ROI,160,160,256,256,13.69,14.89,7.35,0.0,67.14,756.54,193.68,122.16,80.22,0.9699,12.0100,17.0300,0.0000,0.0000,0.8987,0,17.0300,17.8906,10.6789,3.8364,12.1700,0.2068,PHASE_4_FWD_BWD,16.20,-4.03,727.7,209.2,32.75,0,0,,
868,09:51:44.561,ROI,160,160,256,256,8.71,9.46,7.875,0.0,105.76,751.06,195.88,122.19,83.30,0.8682,14.5100,19.9600,0.0000,0.0000,0.8540,0,19.9600,18.5053,11.0905,3.7944,12.6370,0.2086,PHASE_4_FWD_BWD,16.20,-3.56,727.7,209.2,26.89,0,0,,
869,09:51:44.609,ROI,160,160,256,256,16.11,17.21,0.0,0.0,58.10,750.73,196.58,120.32,83.82,0.9684,14.4100,16.0500,0.0000,0.0000,0.8928,0,16.0500,18.3367,11.5835,3.7040,13.0191,0.2126,PHASE_4_FWD_BWD,16.20,-3.18,727.7,209.2,26.26,0,0,,
870,09:51:44.721,ROI,160,160,256,256,7.99,8.72,4.1,0.0,114.70,744.08,197.41,121.50,79.78,0.8549,14.6400,15.7600,0.0000,0.0000,0.8625,0,15.7600,17.8543,12.1230,3.6319,13.3603,0.2159,PHASE_4_FWD_BWD,16.20,-2.84,727.7,209.2,20.18,0,0,,
871,09:51:44.786,ROI,160,160,256,256,7.96,8.68,6.975,0.0,115.17,742.34,197.34,120.14,80.00,0.9689,11.5700,16.1700,0.0000,0.0000,0.8436,0,16.1700,17.5642,12.6586,3.5497,13.7368,0.2198,PHASE_4_FWD_BWD,16.20,-2.46,727.7,209.2,18.84,0,0,,
872,09:51:44.848,ROI,160,160,256,256,10.18,11.08,7.375,0.0,90.26,737.47,198.86,123.78,83.01,0.8903,13.3500,19.9000,0.0000,0.0000,0.8203,0,19.9000,18.0330,13.1298,3.4810,14.2240,0.2232,PHASE_4_FWD_BWD,16.20,-1.98,727.7,209.2,14.23,0,0,,
873,09:51:44.896,ROI,160,160,256,256,12.25,13.06,21.1,0.0,76.59,736.23,198.50,123.52,83.50,0.9718,12.6500,17.4200,0.0000,0.0000,0.8624,0,17.4200,18.1511,13.5254,3.4400,14.5672,0.2252,PHASE_4_FWD_BWD,16.20,-1.63,727.7,209.2,13.69,0,0,,
874,09:51:44.959,ROI,160,160,256,256,7.89,8.61,7.725,0.0,116.21,735.01,200.32,126.38,86.61,0.9364,13.0400,18.7200,0.0000,0.0000,0.8388,0,18.7200,18.3589,13.9334,3.3944,14.9405,0.2276,PHASE_4_FWD_BWD,16.20,-1.26,727.7,209.2,11.50,0,0,,
875,09:51:45.023,ROI,160,160,256,256,8.37,9.10,7.075,0.0,109.83,733.45,200.43,124.11,85.31,0.9608,12.0400,17.4200,0.0000,0.0000,0.8398,0,17.4200,18.4344,14.2705,3.2962,15.2397,0.2328,PHASE_4_FWD_BWD,16.20,-0.96,727.7,209.2,10.48,0,0,,
876,09:51:45.071,ROI,160,160,256,256,7.95,8.67,10.025,0.0,115.32,731.77,201.60,124.46,86.51,0.9475,12.6700,16.8900,0.0000,0.0000,0.8063,0,16.8900,18.0832,14.6668,3.1924,15.4817,0.2385,PHASE_4_FWD_BWD,16.20,-0.72,727.7,209.2,8.62,0,0,,
877,09:51:45.201,ROI,160,160,256,256,7.91,8.63,0.0,0.0,115.94,727.83,201.66,120.48,84.19,0.9130,12.2400,17.3400,0.0000,0.0000,0.8225,0,17.3400,17.8847,14.9878,3.0656,15.7003,0.2460,PHASE_4_FWD_BWD,16.20,-0.50,727.7,209.2,7.55,0,0,,
878,09:51:45.248,ROI,160,160,256,256,8.78,9.51,0.0,0.0,105.12,726.14,201.10,123.30,83.14,0.9599,9.4100,16.7300,0.0000,0.0000,0.7877,0,16.7300,17.4136,15.2355,2.9095,15.7926,0.2558,PHASE_4_FWD_BWD,16.20,-0.41,727.7,209.2,8.25,0,0,,
879,09:51:45.314,ROI,160,160,256,256,8.42,9.32,6.95,0.0,107.30,725.14,200.87,124.27,82.72,0.9787,9.8000,16.6700,0.0000,0.0000,0.8051,0,16.6700,17.4089,15.3261,2.7679,15.8789,0.2654,PHASE_4_FWD_BWD,16.20,-0.32,727.7,209.2,8.71,0,0,,
880,09:51:45.376,ROI,160,160,256,256,9.34,10.05,7.4,0.0,99.50,725.35,201.57,124.72,84.93,0.9705,12.1400,15.8800,0.0000,0.0000,0.8302,0,15.8800,16.7883,15.3108,2.6156,15.7195,0.2766,COMPLETED,16.20,-0.48,727.7,209.2,7.99,0,0,,
881,09:51:45.424,ROI,160,160,256,256,10.72,11.60,10.1,0.0,86.19,723.64,201.03,124.46,82.67,0.9474,10.7900,16.0500,0.0000,0.0000,0.8287,0,16.0500,16.3109,15.1378,2.4815,15.4748,0.2872,POST_PH4_SPIN,16.20,-0.73,727.7,209.2,0.00,0,0,0.050,
882,09:51:45.488,ROI,160,160,256,256,12.88,13.73,7.475,28.475,72.86,723.42,202.10,125.78,82.54,0.9644,10.0900,15.7200,0.0000,0.0000,0.7886,0,15.7200,16.4736,14.9236,2.3447,15.3870,0.2990,POST_PH4_SPIN,16.20,-0.81,727.7,209.2,0.00,0,0,0.116,
883,09:51:45.536,ROI,160,160,256,256,10.14,10.89,11.325,0.0,91.80,722.82,202.50,123.50,82.82,0.9728,10.0800,16.1000,2.0900,21.9900,0.7909,0,16.1000,16.1914,14.6188,2.1590,15.1166,0.3166,POST_PH4_SPIN,16.20,-1.08,727.7,209.2,0.00,0,0,0.161,
884,09:51:45.664,ROI,160,160,256,256,9.69,10.57,6.7,0.0,94.60,723.41,202.43,125.55,83.38,0.9771,9.2800,15.4500,0.0000,0.0000,0.7849,0,15.4500,15.9133,14.2500,1.9897,14.8063,0.3345,POST_PH4_SPIN,16.20,-1.39,727.7,209.2,0.00,0,0,0.289,
885,09:51:45.712,ROI,160,160,256,256,10.93,11.68,10.5,0.0,85.63,722.87,202.38,123.87,83.55,0.9846,10.5900,16.1800,2.7200,21.1000,0.8096,0,16.1800,15.7618,13.7837,1.7427,14.5049,0.3646,POST_PH4_SPIN,16.20,-1.70,727.7,209.2,0.00,0,0,0.338,
886,09:51:45.777,ROI,160,160,256,256,9.11,10.02,14.525,0.0,99.85,723.41,202.45,125.94,83.49,0.9821,9.6100,15.2700,0.0000,0.0000,0.7926,0,15.2700,15.7644,13.3703,1.5293,14.3169,0.3954,POST_PH4_SPIN,16.20,-1.88,727.7,209.2,0.00,0,0,0.401,
887,09:51:45.840,ROI,160,160,256,256,14.69,15.57,0.0,0.0,64.25,723.02,202.42,124.14,83.73,0.9830,10.7600,16.2200,2.3200,21.4900,0.8112,0,16.2200,15.6094,13.1273,1.2732,14.2192,0.4399,POST_PH4_RE_RFB,16.20,-1.98,727.7,209.2,0.00,0,0,,0.068
888,09:51:45.889,ROI,160,160,256,256,11.71,12.40,0.0,0.0,80.66,722.94,202.34,124.08,83.68,0.9968,10.7500,16.3000,2.7700,21.1000,0.8147,0,16.3000,15.4356,12.9391,1.0905,14.1333,0.4784,POST_PH4_RE_RFB,16.20,-2.07,727.7,209.2,0.00,0,0,,0.114
889,09:51:45.952,ROI,160,160,256,256,9.23,9.97,0.0,0.0,100.32,723.60,202.58,125.68,83.42,0.9817,9.8500,15.2400,0.0000,0.0000,0.7938,0,15.2400,15.0808,12.7614,0.8855,13.9915,0.5304,POST_PH4_RE_RFB,16.20,-2.21,727.7,209.2,0.00,0,0,,0.174
890,09:51:46.016,ROI,160,160,256,256,12.50,13.56,7.175,0.0,73.74,722.82,202.26,123.94,83.66,0.9787,10.7700,16.3800,2.1300,21.9600,0.8154,0,16.3800,15.3902,12.5364,0.7520,14.1652,0.5708,POST_PH4_RE_RFB,16.20,-2.03,727.7,209.2,0.00,0,0,,0.242
891,09:51:46.130,ROI,160,160,256,256,9.46,10.17,7.775,0.0,98.30,723.36,202.50,125.86,83.02,0.9773,9.6800,15.1800,0.0000,0.0000,0.7933,0,15.1800,15.2401,12.1022,0.6016,14.0614,0.6244,POST_PH4_RE_RFB,16.20,-2.14,727.7,209.2,0.00,0,0,,0.353
892,09:51:46.178,ROI,160,160,256,256,9.84,10.56,20.875,0.0,94.65,723.37,202.19,124.03,83.47,0.9784,10.6500,16.0200,2.1900,21.5000,0.8155,0,16.0200,15.4457,11.9525,0.4532,14.3564,0.6882,POST_PH4_RE_RFB,16.20,-1.84,727.7,209.2,0.00,0,0,,0.401
893,09:51:46.240,ROI,160,160,256,256,9.30,10.00,15.2,0.0,99.96,724.46,202.11,125.65,83.20,0.9796,9.4500,16.6200,0.0000,0.0000,0.7687,0,16.6200,15.6771,12.2342,0.2920,14.8989,0.7740,POST_PH4_RE_RFB,16.20,-1.30,727.7,209.2,0.00,0,0,,0.462
894,09:51:46.304,ROI,160,160,256,256,9.95,10.64,14.475,0.0,93.96,725.39,201.68,123.58,81.44,0.9628,10.5300,15.4100,2.1300,21.1200,0.8081,0,15.4100,15.6159,14.9184,0.1348,15.5331,0.8812,POST_PH4_RE_RFB,16.20,-0.67,727.7,209.2,0.00,0,0,,0.527
895,09:51:46.352,ROI,160,160,256,256,9.70,10.40,20.725,0.0,96.12,726.38,201.59,123.86,82.78,0.9683,9.9800,15.5100,0.0000,0.0000,0.7880,0,15.5100,15.6512,28.8303,0.0446,16.2144,0.9573,POST_PH4_RE_RFB,16.20,0.01,727.7,209.2,0.00,0,0,,0.575
896,09:51:46.417,ROI,160,160,256,256,8.41,9.14,7.175,0.0,109.37,727.68,201.59,125.02,83.06,0.9761,10.6900,15.6000,0.0000,0.0000,0.7999,0,15.6000,15.6692,22.7107,0.1026,16.3241,0.9070,POST_PH4_RE_RFB,16.20,0.12,727.7,209.2,0.00,0,0,,0.639
897,09:51:46.529,ROI,160,160,256,256,7.58,8.75,7.6,0.0,114.28,730.49,200.58,125.87,82.66,0.9337,9.1300,16.4500,0.0000,0.0000,0.7798,0,16.4500,15.8743,20.6238,0.2365,16.7826,0.8088,POST_PH4_RE_RFB,16.20,0.58,727.7,209.2,0.00,0,0,,0.750
898,09:51:46.594,ROI,160,160,256,256,8.90,9.72,13.875,0.0,102.93,733.71,200.24,125.92,83.38,0.9421,10.7500,16.3800,0.0000,0.0000,0.8142,0,16.3800,15.9812,19.1121,0.4240,16.9134,0.7023,POST_PH4_RE_RFB,16.20,0.71,727.7,209.2,0.00,0,0,,0.816
899,09:51:46.656,ROI,160,160,256,256,7.51,8.24,7.425,0.0,121.41,735.66,201.06,125.95,86.13,0.9391,11.1800,16.6100,0.0000,0.0000,0.7984,0,16.6100,16.1453,17.7257,0.5942,16.7343,0.6273,POST_PH4_RE_RFB,16.20,0.53,727.7,209.2,0.00,0,0,,0.877
900,09:51:46.706,ROI,160,160,256,256,7.53,8.22,19.025,0.0,121.59,737.42,200.74,126.05,85.50,0.9655,10.2300,17.4000,0.0000,0.0000,0.7896,0,17.4000,16.4246,16.2120,0.7634,16.3326,0.5671,POST_PH4_RE_RFB,16.20,0.13,727.7,209.2,0.00,0,0,,0.927
901,09:51:46.769,ROI,160,160,256,256,9.12,9.82,14.075,0.0,101.83,739.64,199.20,125.95,82.66,0.9311,10.3400,17.3100,0.0000,0.0000,0.8404,0,17.3100,16.6982,14.8350,0.9339,15.7984,0.5171,POST_PH4_RE_RFB,16.20,-0.40,727.7,209.2,0.00,0,0,,0.992
902,09:51:46.816,ROI,160,160,256,256,8.94,9.65,21.2,0.0,103.67,741.43,198.78,124.37,83.65,0.9605,9.5700,18.2100,0.0000,0.0000,0.7943,0,18.2100,17.0626,13.5718,1.1129,15.2240,0.4733,POST_PH4_RE_RFB,16.20,-0.98,727.7,209.2,0.00,0,0,,1.038
903,09:51:46.946,ROI,160,160,256,256,9.53,10.36,6.525,0.0,96.49,746.44,198.48,126.70,86.11,0.8976,12.1300,18.0700,0.0000,0.0000,0.8767,0,18.0700,17.4311,12.2849,1.3312,14.4924,0.4290,POST_PH4_RE_RFB,16.20,-1.71,727.7,209.2,0.00,0,0,,1.169
904,09:51:46.993,ROI,160,160,256,256,8.69,9.56,21.0,0.0,104.62,753.46,196.70,121.94,83.22,0.8578,11.5800,16.4900,0.0000,0.0000,0.8963,0,16.4900,17.3418,11.0910,1.6369,13.4615,0.3792,POST_PH4_RE_RFB,16.20,-2.74,727.7,209.2,0.00,0,0,,1.215
905,09:51:47.056,ROI,160,160,256,256,7.62,8.32,14.75,0.0,120.15,753.67,194.62,125.68,81.94,0.9234,11.3400,17.6700,0.0000,0.0000,0.8940,0,17.6700,17.5782,10.2547,1.8825,12.7954,0.3469,POST_PH4_RE_RFB,16.20,-3.40,727.7,209.2,0.00,0,0,,1.277
906,09:51:47.120,ROI,160,160,256,256,7.59,8.30,6.925,0.0,120.44,757.22,193.28,124.85,81.82,0.9151,11.8100,17.5000,0.0000,0.0000,0.8924,0,17.5000,17.7633,9.7000,2.1282,12.2777,0.3197,POST_PH4_RE_RFB,16.20,-3.92,727.7,209.2,0.00,0,0,,1.341
907,09:51:47.168,ROI,160,160,256,256,7.60,8.31,19.65,0.0,120.34,759.35,192.17,125.06,81.65,0.9410,13.8200,19.0800,0.0000,0.0000,0.9039,0,19.0800,18.1330,9.3447,2.3539,11.9650,0.2982,POST_PH4_RE_RFB,16.20,-4.23,727.7,209.2,0.00,0,0,,1.389
908,09:51:47.232,ROI,160,160,256,256,8.13,9.13,14.2,0.0,109.48,763.75,192.00,125.07,83.22,0.9151,13.7700,17.2800,0.0000,0.0000,0.8936,0,17.2800,18.1935,9.0650,2.5657,11.6251,0.2805,POST_PH4_RE_RFB,16.20,-4.57,727.7,209.2,0.00,0,0,,1.454
909,09:51:47.298,ROI,160,160,256,256,8.94,9.64,13.775,0.0,103.77,765.66,190.54,124.06,79.25,0.9241,13.6400,18.7000,0.0000,0.0000,0.9077,0,18.7000,18.3956,8.7816,2.7384,11.3533,0.2675,POST_PH4_RE_RFB,16.20,-4.85,727.7,209.2,0.00,0,0,,1.520
910,09:51:47.345,ROI,160,160,256,256,7.55,8.25,10.275,0.0,121.17,767.32,190.51,128.26,79.30,0.9665,13.9300,19.1800,0.0000,0.0000,0.8766,0,19.1800,18.7274,8.6651,2.8508,11.2781,0.2597,POST_PH4_RE_RFB,16.20,-4.92,727.7,209.2,0.00,0,0,,1.566
911,09:51:47.458,ROI,160,160,288,288,8.51,9.25,7.5,0.0,108.05,773.37,189.41,124.67,82.53,0.8751,13.7700,21.8400,0.0000,0.0000,0.8354,0,21.8400,19.6150,8.7639,2.9980,11.4780,0.2501,POST_PH4_RE_RFB,16.20,-4.72,727.7,209.2,0.00,0,0,,1.680
912,09:51:47.522,ROI,160,160,256,256,7.50,8.19,14.225,0.0,122.08,778.04,188.39,125.38,84.02,0.9064,14.2800,14.7800,0.0000,0.0000,0.8996,0,14.7800,18.8315,10.1613,3.1447,12.2531,0.2413,POST_PH4_RE_RFB,16.20,-3.95,727.7,209.2,0.00,0,0,,1.743
913,09:51:47.584,ROI,160,160,256,256,7.60,8.28,14.375,0.0,120.82,780.82,186.54,125.86,81.12,0.9158,14.2300,16.1700,0.0000,0.0000,0.9086,0,16.1700,18.3546,18.0391,3.2542,18.1133,0.2351,POST_PH4_RE_RFB,16.20,1.91,727.7,209.2,0.00,0,0,,1.805
914,09:51:47.633,ROI,160,160,256,256,7.53,8.21,19.25,0.0,121.86,786.18,185.60,124.53,80.85,0.8976,14.5900,18.2100,0.0000,0.0000,0.8763,0,18.2100,18.2937,16.8722,3.3668,17.1978,0.2290,POST_PH4_RE_RFB,16.20,1.00,727.7,209.2,0.00,0,0,,1.854
915,09:51:47.697,ROI,160,160,256,256,8.76,9.45,14.075,0.0,105.87,788.67,185.45,125.63,81.46,0.9538,14.9400,17.0100,0.0000,0.0000,0.8721,0,17.0100,18.0359,17.2367,3.4554,17.4161,0.2244,POST_PH4_RE_RFB,16.20,1.22,727.7,209.2,0.00,0,0,,1.919
916,09:51:47.761,ROI,160,160,256,256,7.95,8.66,14.2,0.0,115.47,792.58,184.92,124.96,79.23,0.9146,13.7200,16.1600,0.0000,0.0000,0.8754,0,16.1600,17.5865,17.6606,3.5508,17.6443,0.2197,POST_PH4_RE_RFB,16.20,1.44,727.7,209.2,0.00,0,0,,1.983
917,09:51:47.809,ROI,160,160,256,256,7.46,8.16,20.075,47.875,122.58,792.51,184.53,128.40,81.50,0.9461,12.8300,19.4400,0.0000,0.0000,0.8119,0,19.4400,17.8378,17.9440,3.5536,17.9207,0.2196,POST_PH4_RE_RFB,16.20,1.72,727.7,209.2,0.00,0,0,,2.030
918,09:51:47.938,ROI,160,160,288,288,7.56,8.28,3.25,0.0,120.81,800.39,184.09,125.44,82.06,0.8743,12.9600,15.6800,0.0000,0.0000,0.8555,0,15.6800,17.3577,17.8331,3.6044,17.7299,0.2172,POST_PH4_RE_RFB,16.20,1.53,727.7,209.2,0.00,0,0,,2.159
919,09:51:47.985,ROI,160,160,256,256,7.55,8.27,10.05,0.0,120.92,802.43,182.80,126.38,80.62,0.9384,11.0000,16.1300,0.0000,0.0000,0.8538,0,16.1300,16.9899,17.5814,3.6119,17.4531,0.2168,POST_PH4_RE_RFB,16.20,1.25,727.7,209.2,0.00,0,0,,2.206
920,09:51:48.048,ROI,160,160,256,256,7.73,8.72,14.05,0.0,114.65,809.25,181.90,124.38,82.24,0.8785,10.7000,15.8700,0.0000,0.0000,0.7812,0,15.8700,16.6895,17.1400,3.6415,17.0430,0.2154,POST_PH4_RE_RFB,16.20,0.84,727.7,209.2,0.00,0,0,,2.270
921,09:51:48.098,ROI,160,160,256,256,7.41,8.11,19.3,0.0,123.24,809.82,181.08,129.23,81.22,0.9438,8.8600,15.2400,0.0000,0.0000,0.7592,0,15.2400,16.2857,16.4562,3.6372,16.4194,0.2156,POST_PH4_RE_RFB,16.20,0.22,727.7,209.2,0.00,0,0,,2.318
922,09:51:48.160,ROI,160,160,288,288,7.55,8.28,14.3,0.0,120.82,814.27,180.95,125.91,82.06,0.9233,11.0300,13.6000,0.0000,0.0000,0.8283,0,13.6000,15.4204,15.5166,3.7167,15.4962,0.2120,POST_PH4_RE_RFB,16.20,-0.70,727.7,209.2,0.00,0,0,,2.381
923,09:51:48.225,ROI,160,160,256,256,7.46,8.14,13.8,0.0,122.81,816.67,179.73,123.87,79.06,0.9274,8.5000,16.9200,0.0000,0.0000,0.7787,0,16.9200,15.4163,14.6093,3.7259,14.7801,0.2116,POST_PH4_RE_RFB,16.20,-1.42,727.7,209.2,0.00,0,0,,2.446
924,09:51:48.273,ROI,160,160,256,256,7.89,8.58,19.95,0.0,116.62,820.80,179.00,121.22,80.69,0.9167,8.4400,17.9300,0.0000,0.0000,0.7220,0,17.9300,15.6133,13.7757,3.7487,14.1627,0.2106,POST_PH4_RE_RFB,16.20,-2.04,727.7,209.2,0.00,0,0,,2.494
925,09:51:48.402,ROI,160,160,256,256,10.61,11.48,6.475,34.05,87.11,827.76,177.34,123.82,79.30,0.8581,9.8700,15.3200,0.0000,0.0000,0.8143,0,15.3200,15.4440,13.0599,3.8080,13.5557,0.2080,POST_PH4_RE_RFB,16.20,-2.64,727.7,209.2,0.00,0,0,,2.626
926,09:51:48.449,ROI,160,160,256,256,9.94,10.72,11.0,36.45,93.30,830.23,178.14,123.42,78.69,0.9419,9.7800,15.8100,0.0000,0.0000,0.7896,0,15.8100,15.2411,12.3212,3.8474,12.9236,0.2063,POST_PH4_RE_RFB,16.20,-3.28,727.7,209.2,0.00,0,0,,2.672
927,09:51:48.512,ROI,160,160,256,256,7.43,8.14,7.475,0.0,122.87,833.62,176.85,121.54,77.81,0.9163,7.4700,15.4800,0.0000,0.0000,0.7393,0,15.4800,15.1541,11.6856,3.8519,12.4005,0.2061,POST_PH4_RE_RFB,16.20,-3.80,727.7,209.2,0.00,0,0,,2.733
928,09:51:48.576,ROI,160,160,256,256,7.46,8.18,21.15,0.0,122.19,836.31,176.77,121.97,78.67,0.9464,11.8000,15.7200,0.0000,0.0000,0.8540,0,15.7200,15.2261,11.1101,3.7921,11.9690,0.2087,POST_PH4_RE_RFB,16.20,-4.23,727.7,209.2,0.00,0,0,,2.796
929,09:51:48.624,ROI,160,160,256,256,7.34,8.07,9.6,0.0,123.96,838.29,175.57,121.09,76.59,0.9389,8.7700,17.1800,0.0000,0.0000,0.7933,0,17.1800,15.9532,10.6133,3.7458,11.7385,0.2107,POST_PH4_RE_RFB,16.20,-4.46,727.7,209.2,0.00,0,0,,2.845
930,09:51:48.689,ROI,160,160,256,256,7.55,8.23,13.85,0.0,121.47,843.28,174.94,120.58,76.64,0.9062,9.0500,14.0400,0.0000,0.0000,0.7769,0,14.0400,15.3349,10.1801,3.7443,11.2666,0.2108,POST_PH4_RE_RFB,16.20,-4.93,727.7,209.2,0.00,0,0,,2.910
931,09:51:48.737,ROI,160,160,256,256,7.50,8.20,19.525,0.0,121.95,844.57,174.56,124.29,76.42,0.9608,11.5000,15.2900,0.0000,0.0000,0.8489,0,15.2900,15.1398,9.9316,3.6891,11.0423,0.2133,POST_PH4_RE_RFB,16.20,-5.16,727.7,209.2,0.00,0,0,,2.958
932,09:51:48.866,ROI,160,160,256,256,7.48,8.15,6.5,0.0,122.66,850.48,173.18,126.94,75.65,0.8792,10.4800,12.0700,0.0000,0.0000,0.8045,0,12.0700,14.5278,9.8498,3.7132,10.8424,0.2122,POST_PH4_RE_RFB,16.20,-5.36,727.7,209.2,0.00,0,0,,3.087
933,09:51:48.912,ROI,160,160,256,256,7.51,8.25,20.25,0.0,121.21,854.58,173.02,123.34,76.78,0.9234,11.4900,13.7700,0.0000,0.0000,0.8441,0,13.7700,14.2382,9.8725,3.7217,10.7971,0.2118,POST_PH4_RE_RFB,16.20,-5.40,727.7,209.2,0.00,0,0,,3.133
934,09:51:48.977,ROI,160,160,256,256,7.44,8.12,13.775,0.0,123.11,857.17,172.54,125.78,77.47,0.9475,12.3800,14.2500,0.0000,0.0000,0.8851,0,14.2500,14.0092,9.9575,3.7153,10.8168,0.2121,POST_PH4_RE_RFB,16.20,-5.38,727.7,209.2,0.00,0,0,,3.198
935,09:51:49.040,ROI,160,160,256,256,7.43,8.17,14.225,0.0,122.40,861.61,169.22,121.84,73.49,0.8542,10.2400,14.0300,0.0000,0.0000,0.8717,0,14.0300,14.1331,10.2396,3.6611,11.0749,0.2145,POST_PH4_RE_RFB,16.20,-5.13,727.7,209.2,0.00,0,0,,3.261
936,09:51:49.089,ROI,160,160,256,256,7.47,8.15,9.725,0.0,122.74,865.14,168.98,121.81,74.78,0.9277,10.6500,13.9700,0.0000,0.0000,0.8311,0,13.9700,13.9219,10.5337,3.6758,11.2584,0.2139,POST_PH4_RE_RFB,16.20,-4.94,727.7,209.2,0.00,0,0,,3.310
937,09:51:49.154,ROI,160,160,256,256,7.43,8.15,13.7,0.0,122.74,867.78,168.38,120.82,75.79,0.9426,11.3400,14.4500,0.0000,0.0000,0.8517,0,14.4500,13.8889,10.9237,3.6452,11.5620,0.2153,POST_PH4_RE_RFB,16.20,-4.64,727.7,209.2,0.00,0,0,,3.375
938,09:51:49.217,ROI,160,160,256,256,7.51,8.19,7.075,0.0,122.13,868.74,168.18,122.88,76.83,0.9699,11.1600,15.2800,0.0000,0.0000,0.8433,0,15.2800,14.0264,11.3315,3.6281,11.9138,0.2161,POST_PH4_RE_RFB,16.20,-4.29,727.7,209.2,0.00,0,0,,3.438
939,09:51:49.329,ROI,160,160,256,256,7.51,8.21,3.75,0.0,121.84,871.28,167.23,118.18,72.74,0.9077,12.6400,14.3300,0.0000,0.0000,0.8986,0,14.3300,13.9098,11.7948,3.5466,12.2600,0.2199,POST_PH4_RE_RFB,16.20,-3.94,727.7,209.2,0.00,0,0,,3.550
940,09:51:49.377,ROI,160,160,256,256,7.44,8.17,20.075,0.0,122.47,873.83,167.16,122.54,74.78,0.9323,11.5400,15.2500,0.0000,0.0000,0.8881,0,15.2500,13.8152,12.1807,3.4649,12.5468,0.2240,POST_PH4_RE_RFB,16.20,-3.65,727.7,209.2,0.00,0,0,,3.597
941,09:51:49.441,ROI,160,160,256,256,7.51,8.22,6.975,0.0,121.72,875.74,166.10,125.25,76.34,0.9432,11.7000,15.9700,0.0000,0.0000,0.8881,0,15.9700,14.2080,12.6336,3.3452,12.9960,0.2301,POST_PH4_RE_RFB,16.20,-3.20,727.7,209.2,0.00,0,0,,3.662
942,09:51:49.505,ROI,160,160,256,256,8.82,9.52,13.85,41.05,105.09,874.39,166.18,122.72,76.66,0.9746,11.1600,16.0300,0.0000,0.0000,0.8538,0,16.0300,14.7419,13.1616,3.1594,13.5415,0.2404,POST_PH4_RE_RFB,16.20,-2.66,727.7,209.2,0.00,0,0,,3.728
943,09:51:49.554,ROI,160,160,256,256,11.03,12.12,10.075,0.0,82.52,877.06,165.30,122.30,77.81,0.9363,12.3200,16.0400,0.0000,0.0000,0.8961,0,16.0400,15.0212,13.7986,3.0498,14.1005,0.2469,POST_PH4_RE_RFB,16.20,-2.10,727.7,209.2,0.00,0,0,,3.779
944,09:51:49.616,ROI,160,160,256,256,9.76,10.92,15.625,0.0,91.54,875.64,165.88,122.64,76.85,0.9627,12.1300,16.9600,0.0000,0.0000,0.8709,0,16.9600,15.5306,14.3665,2.8518,14.6687,0.2596,POST_PH4_RE_RFB,16.20,-1.53,727.7,209.2,0.00,0,0,,3.840
945,09:51:49.729,ROI,160,160,256,256,7.47,8.14,7.675,0.0,122.87,877.88,165.94,121.52,77.15,0.9603,12.1300,15.8000,0.0000,0.0000,0.8718,0,15.8000,15.7457,14.8899,2.6650,15.1234,0.2728,POST_PH4_RE_RFB,16.20,-1.08,727.7,209.2,0.00,0,0,,3.949
946,09:51:49.793,ROI,160,160,256,256,7.54,8.24,6.95,0.0,121.29,877.90,165.43,124.50,76.48,0.9634,12.9900,15.8900,0.0000,0.0000,0.9034,0,15.8900,16.0004,15.3396,2.4383,15.5318,0.2908,POST_PH4_RE_RFB,16.20,-0.67,727.7,209.2,0.00,0,0,,4.014
947,09:51:49.856,ROI,160,160,256,256,7.67,8.36,7.075,46.875,119.62,878.22,165.43,124.26,76.51,0.9945,13.0100,15.8900,0.0000,0.0000,0.9033,0,15.8900,16.4142,15.7940,2.1717,15.9895,0.3153,POST_PH4_RE_RFB,16.20,-0.21,727.7,209.2,0.00,0,0,,4.077
948,09:51:49.904,ROI,160,160,256,256,7.56,8.30,10.05,0.0,120.44,877.31,165.24,124.45,77.95,0.9675,11.6300,15.9000,0.0000,0.0000,0.8702,0,15.9000,16.5039,16.2285,1.9035,16.3233,0.3444,POST_PH4_RE_RFB,16.20,0.12,727.7,209.2,0.00,0,0,,4.125
949,09:51:49.968,ROI,160,160,256,256,7.66,8.35,13.85,0.0,119.71,878.23,165.66,124.08,76.75,0.9702,13.0600,15.7800,0.0000,0.0000,0.8984,0,15.7800,16.6752,16.6266,1.6020,16.6453,0.3843,POST_PH4_RE_RFB,16.20,0.45,727.7,209.2,0.00,0,0,,4.189
950,09:51:50.017,ROI,160,160,256,256,8.03,8.75,9.75,0.0,114.24,877.34,165.22,124.70,77.95,0.9707,11.7300,16.0500,0.0000,0.0000,0.8713,0,16.0500,16.5354,17.0699,1.3348,16.8410,0.4283,POST_PH4_RE_RFB,16.20,0.64,727.7,209.2,0.00,0,0,,4.238
951,09:51:50.145,ROI,160,160,256,256,7.60,8.29,6.525,0.0,120.57,875.77,165.58,123.25,76.53,0.9572,12.4500,16.8400,0.0000,0.0000,0.8817,0,16.8400,16.6764,17.3882,1.0593,17.0426,0.4856,POST_PH4_RE_RFB,16.20,0.84,727.7,209.2,0.00,0,0,,4.366
952,09:51:50.193,ROI,160,160,256,256,7.52,8.24,9.875,0.0,121.35,875.50,166.25,122.98,76.27,0.9783,11.4900,15.3900,0.0000,0.0000,0.8661,0,15.3900,16.5201,17.2993,0.7811,16.8618,0.5614,POST_PH4_RE_RFB,16.20,0.66,727.7,209.2,0.00,0,0,,4.414
953,09:51:50.257,ROI,160,160,256,256,7.59,8.22,6.95,0.0,121.72,874.33,165.62,122.64,76.08,0.9652,10.8300,16.1100,0.0000,0.0000,0.8440,0,16.1100,16.4667,17.7784,0.5486,16.9314,0.6457,POST_PH4_RE_RFB,16.20,0.73,727.7,209.2,0.00,0,0,,4.478
954,09:51:50.321,ROI,160,160,256,256,8.18,8.91,14.1,0.0,112.17,873.28,166.20,122.03,75.68,0.9681,10.7000,15.5400,0.0000,0.0000,0.8499,0,15.5400,16.2535,18.7814,0.3368,16.8903,0.7481,POST_PH4_RE_RFB,16.20,0.69,727.7,209.2,0.00,0,0,,4.543
955,09:51:50.368,ROI,160,160,256,256,7.65,8.33,20.375,0.0,119.98,871.05,166.43,119.54,75.17,0.9572,10.3700,17.1700,0.0000,0.0000,0.8252,0,17.1700,16.3997,22.6996,0.1267,17.1084,0.8875,POST_PH4_RE_RFB,16.20,0.91,727.7,209.2,0.00,0,0,,4.589
956,09:51:50.433,ROI,160,160,256,256,7.60,8.29,6.875,0.0,120.59,869.82,167.92,120.54,75.62,0.9421,10.9000,15.9200,0.0000,0.0000,0.8411,0,15.9200,16.3346,18.7012,0.1187,16.5856,0.8939,POST_PH4_RE_RFB,16.20,0.39,727.7,209.2,0.00,0,0,,4.654
957,09:51:50.496,ROI,160,160,256,256,7.55,8.20,7.15,0.0,121.93,868.38,168.10,121.23,75.74,0.9718,11.5100,15.8600,0.0000,0.0000,0.8571,0,15.8600,16.1404,17.2134,0.3226,16.4021,0.7561,POST_PH4_RE_RFB,16.20,0.20,727.7,209.2,0.00,0,0,,4.717
958,09:51:50.545,ROI,160,160,256,256,7.62,8.34,9.625,0.0,119.84,867.66,167.42,121.98,74.88,0.9708,10.6100,14.8300,0.0000,0.0000,0.8476,0,14.8300,15.8107,16.1584,0.4833,15.9240,0.6742,POST_PH4_RE_RFB,16.20,-0.28,727.7,209.2,0.00,0,0,,4.766
959,09:51:50.657,ROI,160,160,256,256,7.64,8.34,0.0,0.0,119.96,863.00,169.30,120.78,74.26,0.8820,12.9300,15.2800,0.0000,0.0000,0.8405,0,15.2800,15.6605,15.4363,0.6779,15.5700,0.5960,POST_PH4_RE_RFB,16.20,-0.63,727.7,209.2,0.00,0,0,,4.878
960,09:51:50.721,ROI,160,160,256,256,7.72,8.45,14.15,0.0,118.33,857.29,171.02,121.46,73.87,0.8706,12.5600,14.1000,0.0000,0.0000,0.8436,0,14.1000,15.2876,14.9177,0.9760,15.1049,0.5061,POST_PH4_RE_RFB,16.20,-1.10,727.7,209.2,0.00,0,0,,4.942
961,09:51:50.785,ROI,160,160,256,256,7.66,8.33,13.975,0.0,120.07,854.26,172.06,124.21,75.44,0.9262,11.1200,14.6300,0.0000,0.0000,0.8207,0,14.6300,15.0581,14.5502,1.2385,14.7771,0.4467,POST_PH4_RE_RFB,16.20,-1.42,727.7,209.2,0.00,0,0,,5.006
962,09:51:50.831,ROI,160,160,256,256,8.73,9.54,20.775,0.0,104.78,851.23,173.14,125.70,75.20,0.9263,10.2300,14.5800,0.0000,0.0000,0.8326,0,14.5800,14.9454,14.3141,1.5381,14.5628,0.3940,POST_PH4_RE_RFB,16.20,-1.64,727.7,209.2,0.00,0,0,,5.053
963,09:51:50.895,ROI,160,160,256,256,9.62,10.43,14.275,0.0,95.89,849.16,173.78,124.80,77.04,0.9448,12.0200,14.4800,0.0000,0.0000,0.8367,0,14.4800,14.7250,14.2505,1.7812,14.4211,0.3596,POST_PH4_RE_RFB,16.20,-1.78,727.7,209.2,0.00,0,0,,5.119
964,09:51:50.959,ROI,160,160,256,256,7.66,8.38,14.6,0.0,119.29,846.04,174.87,120.93,75.42,0.9241,10.7400,14.0400,0.0000,0.0000,0.8111,0,14.0400,14.4478,14.2786,2.0180,14.3346,0.3313,POST_PH4_RE_RFB,16.20,-1.87,727.7,209.2,0.00,0,0,,5.180
965,09:51:51.008,ROI,160,160,256,256,7.61,8.26,9.775,0.0,121.08,843.66,174.78,123.62,76.27,0.9513,10.8000,15.7100,0.0000,0.0000,0.8092,0,15.7100,14.5448,14.3505,2.2198,14.4109,0.3106,POST_PH4_RE_RFB,16.20,-1.79,727.7,209.2,0.00,0,0,,5.229
966,09:51:51.137,ROI,160,160,256,256,8.14,8.88,6.45,0.0,112.65,836.22,175.66,119.68,75.87,0.8655,9.6500,15.9500,0.0000,0.0000,0.7188,0,15.9500,14.6952,14.3344,2.4936,14.4376,0.2862,POST_PH4_RE_RFB,16.20,-1.76,727.7,209.2,0.00,0,0,,5.359
967,09:51:51.185,ROI,160,160,256,256,7.61,8.22,20.0,0.0,121.70,833.86,176.22,124.11,76.66,0.9483,9.0200,15.9800,0.0000,0.0000,0.7586,0,15.9800,14.8375,14.3026,2.7074,14.4469,0.2697,POST_PH4_RE_RFB,16.20,-1.75,727.7,209.2,0.00,0,0,,5.406
968,09:51:51.249,ROI,160,160,256,256,7.55,8.29,13.975,0.0,120.58,831.16,177.65,124.62,78.14,0.9235,8.1900,14.0500,0.0000,0.0000,0.7918,0,14.0500,14.6113,14.3207,2.8939,14.3953,0.2568,POST_PH4_RE_RFB,16.20,-1.80,727.7,209.2,0.00,0,0,,5.470
969,09:51:51.312,ROI,160,160,256,256,7.44,8.13,0.0,0.0,122.96,827.90,177.16,124.56,78.22,0.9375,6.5000,15.0200,0.0000,0.0000,0.6509,0,15.0200,14.7065,14.2393,3.0665,14.3542,0.2459,POST_PH4_RE_RFB,16.20,-1.85,727.7,209.2,0.00,0,0,,5.533
970,09:51:51.360,ROI,160,160,256,256,7.58,8.30,19.925,0.0,120.45,823.70,178.90,121.46,77.18,0.8942,9.6300,14.7300,0.0000,0.0000,0.7595,0,14.7300,14.6132,14.0188,3.2251,14.1595,0.2367,POST_PH4_RE_RFB,16.20,-2.04,727.7,209.2,0.00,0,0,,5.581
971,09:51:51.424,ROI,160,160,256,256,7.52,8.18,13.825,0.0,122.21,819.96,178.86,125.09,79.54,0.9136,7.1400,16.4000,0.0000,0.0000,0.6280,0,16.4000,14.9533,13.9910,3.3563,14.2119,0.2296,POST_PH4_RE_RFB,16.20,-1.99,727.7,209.2,0.00,0,0,,5.645
972,09:51:51.488,ROI,160,160,256,256,7.51,8.24,14.025,0.0,121.37,815.85,180.03,126.34,80.29,0.9105,8.5000,15.1600,0.0000,0.0000,0.6927,0,15.1600,14.9711,14.2847,3.4700,14.4383,0.2237,POST_PH4_RE_RFB,16.20,-1.76,727.7,209.2,0.00,0,0,,5.709
973,09:51:51.536,ROI,160,160,256,256,7.44,8.18,9.875,0.0,122.30,815.11,179.30,124.03,80.13,0.9641,6.7200,16.7000,0.0000,0.0000,0.7323,0,16.7000,15.4919,16.2060,3.5154,16.0479,0.2215,POST_PH4_RE_RFB,16.20,-0.15,727.7,209.2,0.00,0,0,,5.757
974,09:51:51.665,ROI,160,160,256,256,7.50,8.19,3.225,0.0,122.06,808.76,181.98,123.60,80.99,0.8470,7.3400,16.7100,0.0000,0.0000,0.5768,0,16.7100,15.8842,14.4476,3.5917,14.7604,0.2178,POST_PH4_RE_RFB,16.20,-1.44,727.7,209.2,0.00,0,0,,5.886
975,09:51:51.712,ROI,160,160,256,256,8.99,9.71,10.05,40.225,102.98,803.26,182.17,126.14,80.03,0.9054,10.1100,15.5100,0.0000,0.0000,0.7135,0,15.5100,16.0102,13.5889,3.6619,14.1083,0.2145,POST_PH4_RE_RFB,16.20,-2.09,727.7,209.2,0.00,0,0,,5.935
976,09:51:51.776,ROI,160,160,256,256,7.62,8.33,7.225,0.0,120.02,800.31,182.58,127.84,81.22,0.9409,10.2900,15.5900,0.0000,0.0000,0.7675,0,15.5900,16.0444,12.7597,3.6580,13.4648,0.2147,POST_PH4_RE_RFB,16.20,-2.74,727.7,209.2,0.00,0,0,,5.997
977,09:51:51.841,ROI,160,160,256,256,7.69,8.42,20.625,0.0,118.74,796.48,184.85,126.21,80.91,0.8915,11.4100,15.3300,0.0000,0.0000,0.7304,0,15.3300,16.0620,12.0723,3.6827,12.9243,0.2136,POST_PH4_RE_RFB,16.20,-3.28,727.7,209.2,0.00,0,0,,6.062
978,09:51:51.889,ROI,160,160,256,256,7.71,8.41,9.85,0.0,118.84,793.23,184.13,127.33,82.19,0.9338,12.2300,16.7700,0.0000,0.0000,0.8092,0,16.7700,16.2423,11.4296,3.7363,12.4458,0.2111,POST_PH4_RE_RFB,16.20,-3.75,727.7,209.2,0.00,0,0,,6.110
979,09:51:51.953,ROI,160,160,256,256,7.75,8.47,7.125,0.0,118.04,788.18,185.70,126.43,78.78,0.8865,12.1400,16.9800,0.0000,0.0000,0.7660,0,16.9800,16.4777,10.8708,3.8093,12.0366,0.2079,POST_PH4_RE_RFB,16.20,-4.16,727.7,209.2,0.00,0,0,,6.174
980,09:51:52.016,ROI,160,160,256,256,9.61,10.49,14.1,0.0,95.33,788.53,185.64,123.66,79.71,0.9670,13.3100,16.8500,0.0000,0.0000,0.8530,0,16.8500,16.6397,10.4437,3.7993,11.7347,0.2084,POST_PH4_RE_RFB,16.20,-4.47,727.7,209.2,0.00,0,0,,6.239
981,09:51:52.128,ROI,160,160,256,256,7.55,8.25,3.85,0.0,121.17,780.22,187.37,123.34,78.99,0.8390,12.1600,18.8400,0.0000,0.0000,0.7551,0,18.8400,17.1581,10.2034,3.8485,11.6378,0.2063,POST_PH4_RE_RFB,16.20,-4.56,727.7,209.2,0.00,0,0,,6.349
982,09:51:52.176,ROI,160,160,256,256,7.56,8.27,9.85,0.0,120.92,778.74,186.36,126.40,80.88,0.9515,12.5800,18.1600,0.0000,0.0000,0.8536,0,18.1600,17.4119,10.0821,3.8390,11.5968,0.2067,POST_PH4_RE_RFB,16.20,-4.60,727.7,209.2,0.00,0,0,,6.397
983,09:51:52.240,ROI,160,160,256,256,7.62,8.44,14.0,0.0,118.51,773.55,189.28,125.25,81.33,0.8592,15.0300,21.8800,0.0000,0.0000,0.8225,0,21.8800,18.5404,10.1234,3.8332,11.8649,0.2069,POST_PH4_RE_RFB,16.20,-4.34,727.7,209.2,0.00,0,0,,6.461
984,09:51:52.305,ROI,160,160,256,256,7.62,8.32,13.825,0.0,120.18,771.05,189.13,124.29,81.22,0.9571,12.0400,17.6800,0.0000,0.0000,0.8555,0,17.6800,18.7276,10.1743,3.8687,11.9311,0.2054,POST_PH4_RE_RFB,16.20,-4.27,727.7,209.2,0.00,0,0,,6.526
985,09:51:52.352,ROI,160,160,256,256,7.79,8.50,20.0,0.0,117.61,767.05,190.31,127.30,79.47,0.9122,14.2400,14.8100,0.0000,0.0000,0.8622,0,14.8100,18.3004,10.2896,3.8874,11.9287,0.2046,POST_PH4_RE_RFB,16.20,-4.27,727.7,209.2,0.00,0,0,,6.574
986,09:51:52.416,ROI,160,160,256,256,7.73,8.43,14.1,46.525,118.67,763.35,190.37,128.00,80.13,0.9362,12.9100,16.5400,0.0000,0.0000,0.8365,0,16.5400,18.0334,10.4841,3.8862,12.0291,0.2047,POST_PH4_RE_RFB,16.20,-4.17,727.7,209.2,0.00,0,0,,6.637
987,09:51:52.529,ROI,160,160,256,256,7.58,8.32,0.0,0.0,120.24,758.18,192.38,123.50,77.94,0.8765,13.3800,18.9200,0.0000,0.0000,0.8257,0,18.9200,18.3176,10.6934,3.8994,12.2496,0.2041,POST_PH4_RE_RFB,16.20,-3.95,727.7,209.2,0.00,0,0,,6.750
988,09:51:52.593,ROI,160,160,256,256,7.53,8.24,0.0,0.0,121.30,756.21,193.42,123.94,82.77,0.9128,14.0900,18.6000,0.0000,0.0000,0.8816,0,18.6000,18.4357,11.0387,3.8906,12.5512,0.2045,POST_PH4_RE_RFB,16.20,-3.65,727.7,209.2,0.00,0,0,,6.814
989,09:51:52.656,ROI,160,160,256,256,7.64,8.36,7.125,0.0,119.66,754.75,193.99,122.94,82.70,0.9635,13.9800,17.8600,0.0000,0.0000,0.9006,0,17.8600,18.5199,11.4130,3.8380,12.8820,0.2067,POST_PH4_RE_RFB,16.20,-3.32,727.7,209.2,0.00,0,0,,6.877
990,09:51:52.705,ROI,160,160,256,256,7.71,8.42,19.125,0.0,118.82,752.02,194.94,124.50,84.82,0.9333,14.4100,18.5500,0.0000,0.0000,0.8611,0,18.5500,18.5820,11.8519,3.7817,13.2594,0.2091,POST_PH4_RE_RFB,16.20,-2.94,727.7,209.2,0.00,0,0,,6.926
991,09:51:52.768,ROI,160,160,256,256,8.09,8.86,14.3,0.0,112.84,747.70,195.84,121.47,82.67,0.9091,14.9100,17.9100,0.0000,0.0000,0.8836,0,17.9100,18.6248,12.2449,3.6784,13.6086,0.2137,POST_PH4_RE_RFB,16.20,-2.59,727.7,209.2,0.00,0,0,,6.990
992,09:51:52.832,ROI,160,160,256,256,10.08,10.95,7.075,0.0,91.35,745.86,196.90,124.16,84.51,0.9463,13.3400,19.5300,0.0000,0.0000,0.8173,0,19.5300,18.9790,12.7625,3.6009,14.1136,0.2173,POST_PH4_RE_RFB,16.20,-2.09,727.7,209.2,0.00,0,0,,7.056
993,09:51:52.881,ROI,160,160,256,256,10.03,10.80,20.725,0.0,92.56,742.15,196.64,122.83,80.06,0.8932,12.5700,17.9700,0.0000,0.0000,0.8556,0,17.9700,18.8311,13.2240,3.5579,14.4542,0.2194,POST_PH4_RE_RFB,16.20,-1.75,727.7,209.2,0.00,0,0,,7.105
994,09:51:53.008,ROI,160,160,256,256,7.58,8.24,6.7,0.0,121.32,736.74,198.14,125.34,83.86,0.8762,13.7100,21.7400,0.0000,0.0000,0.7680,0,21.7400,19.4206,13.5810,3.5420,14.8667,0.2202,POST_PH4_RE_RFB,16.20,-1.33,727.7,209.2,0.00,0,0,,7.229
995,09:51:53.057,ROI,160,160,256,256,7.86,8.71,19.275,0.0,114.84,735.28,199.01,124.56,84.96,0.9574,12.2300,19.5700,0.0000,0.0000,0.8143,0,19.5700,19.4291,14.0055,3.5033,15.2098,0.2221,POST_PH4_RE_RFB,16.20,-0.99,727.7,209.2,0.00,0,0,,7.278
996,09:51:53.121,ROI,160,160,256,256,7.64,8.35,14.05,46.875,119.77,733.70,199.88,123.98,85.54,0.9555,12.1700,17.6600,0.0000,0.0000,0.8272,0,17.6600,19.1323,14.3979,3.4239,15.4681,0.2260,POST_PH4_RE_RFB,16.20,-0.73,727.7,209.2,0.00,0,0,,7.342
997,09:51:53.184,ROI,160,160,256,256,7.68,8.42,7.15,0.0,118.70,733.50,200.60,124.77,85.94,0.9772,12.0300,16.5800,0.0000,0.0000,0.8195,0,16.5800,18.6222,14.8361,3.3279,15.7109,0.2311,POST_PH4_RE_RFB,16.20,-0.49,727.7,209.2,0.00,0,0,,7.405
998,09:51:53.231,ROI,160,160,256,256,30.14,31.10,10.075,12.55,32.16,730.78,201.38,123.76,86.46,0.9405,12.9300,18.0300,0.0000,0.0000,0.8023,0,18.0300,18.4015,15.3375,3.1582,16.0743,0.2405,POST_PH4_RE_RFB,16.20,-0.13,727.7,209.2,0.00,0,0,,7.475
999,09:51:53.295,ROI,160,160,256,256,15.01,16.01,11.725,24.4,62.46,728.30,201.43,123.15,85.17,0.9466,11.3400,18.4400,0.0000,0.0000,0.7890,0,18.4400,18.4650,15.8299,3.0730,16.4769,0.2455,POST_PH4_RE_RFB,16.20,0.28,727.7,209.2,0.00,0,0,,7.525
1000,09:51:53.344,ROI,160,160,256,256,11.40,12.11,12.225,0.0,82.56,727.31,201.45,127.55,85.57,0.9610,10.4000,17.4000,0.0000,0.0000,0.7913,0,17.4000,18.2472,16.1748,2.9161,16.7040,0.2554,POST_PH4_RE_RFB,16.20,0.50,727.7,209.2,0.00,0,0,,7.569
1001,09:51:53.472,ROI,160,160,256,256,8.11,8.91,6.725,0.0,112.27,725.42,201.11,125.76,83.94,0.9521,9.7200,17.2400,0.0000,0.0000,0.7735,0,17.2400,18.4233,16.4611,2.7924,16.9785,0.2637,POST_PH4_RE_RFB,16.20,0.78,727.7,209.2,0.00,0,0,,7.694
1002,09:51:53.521,ROI,160,160,256,256,13.14,14.11,19.6,0.0,70.85,724.12,200.89,125.60,83.47,0.9742,10.0500,16.1300,0.0000,0.0000,0.8162,0,16.1300,17.9869,16.5545,2.6338,16.9487,0.2752,POST_PH4_RE_RFB,16.20,0.75,727.7,209.2,0.00,0,0,,7.748
1003,09:51:53.583,ROI,160,160,256,256,11.64,12.55,8.075,31.175,79.70,724.58,201.06,125.97,84.38,0.9821,11.5400,16.8900,0.0000,0.0000,0.8220,0,16.8900,17.4144,16.5030,2.4504,16.7671,0.2898,POST_PH4_SETTLING,16.20,0.57,727.7,209.2,0.00,0,0,,7.809
1004,09:51:53.649,ROI,160,160,256,256,8.98,9.69,0.0,0.0,103.19,723.09,201.08,127.15,83.89,0.9711,9.8000,16.2800,0.0000,0.0000,0.8030,0,16.2800,16.8727,16.1909,2.2727,16.3993,0.3056,POST_PH4_SETTLING,16.20,0.20,727.7,209.2,0.00,0,0,,7.872
1005,09:51:53.697,ROI,160,160,256,256,8.92,9.63,20.425,0.0,103.88,722.28,200.94,126.40,83.52,0.9830,10.3400,17.4500,0.0000,0.0000,0.8091,0,17.4500,16.8396,15.6377,2.1307,16.0216,0.3194,POST_PH4_SETTLING,16.20,-0.18,727.7,209.2,0.00,0,0,,7.919
1006,09:51:53.761,ROI,160,160,256,256,9.00,9.70,14.35,0.0,103.13,723.78,202.50,126.21,84.02,0.9413,11.5100,15.2600,0.0000,0.0000,0.8170,0,15.2600,16.3484,15.1309,1.9358,15.5456,0.3406,POST_PH4_SETTLING,16.20,-0.65,727.7,209.2,0.00,0,0,,7.984
1007,09:51:53.826,ROI,160,160,256,256,9.15,9.86,14.225,0.0,101.47,722.12,201.62,125.62,83.66,0.9541,10.4600,17.6400,2.0900,23.2800,0.8006,0,17.6400,16.3208,14.5246,1.7267,15.1833,0.3667,POST_PH4_SETTLING,16.20,-1.02,727.7,209.2,0.00,0,0,,8.048
1008,09:51:53.872,ROI,160,160,256,256,9.22,9.96,10.7,0.0,100.40,723.23,202.36,128.10,84.06,0.9635,10.0400,15.3200,0.0000,0.0000,0.7897,0,15.3200,15.8988,13.9942,1.4887,14.7595,0.4018,POST_PH4_SETTLING,16.20,-1.44,727.7,209.2,0.00,0,0,,8.095
1009,09:51:53.985,ROI,160,160,288,288,7.56,8.26,3.8,0.0,121.08,723.09,202.58,125.73,85.28,0.9677,12.9300,18.5300,0.0000,0.0000,0.8640,0,18.5300,16.1194,13.5228,1.2792,14.6621,0.4388,POST_PH4_SETTLING,16.20,-1.54,727.7,209.2,0.00,0,0,,8.206
1010,09:51:54.049,ROI,160,160,256,256,9.21,9.95,6.975,0.0,100.55,721.96,201.65,125.49,83.68,0.9610,10.0200,17.6900,2.4600,23.1700,0.7961,0,17.6900,16.3371,13.0705,1.0725,14.6467,0.4825,POST_PH4_SETTLING,16.20,-1.55,727.7,209.2,0.00,0,0,,8.272
1011,09:51:54.113,ROI,160,160,256,256,9.37,10.02,14.425,0.0,99.76,724.17,202.30,125.09,83.73,0.9508,9.7600,15.2800,0.0000,0.0000,0.7882,0,15.2800,15.9206,12.5491,0.8501,14.3715,0.5405,POST_PH4_SETTLING,16.20,-1.83,727.7,209.2,0.00,0,0,,8.336
1012,09:51:54.161,ROI,160,160,256,256,9.18,9.91,20.75,0.0,100.90,722.80,201.42,124.77,82.13,0.9582,10.6700,16.5800,2.5200,22.1400,0.8071,0,16.5800,16.2362,11.6406,0.7198,14.3128,0.5815,POST_PH4_SETTLING,16.20,-1.89,727.7,209.2,0.00,0,0,,8.384
1013,09:51:54.225,ROI,160,160,256,256,8.91,9.68,14.375,0.0,103.34,723.30,202.34,127.82,83.98,0.9545,10.2300,15.3400,0.0000,0.0000,0.7954,0,15.3400,16.1474,10.8030,0.5858,14.1732,0.6306,POST_PH4_SETTLING,16.20,-2.03,727.7,209.2,0.00,0,0,,8.448
1014,09:51:54.289,ROI,160,160,256,256,9.26,9.98,14.425,0.0,100.22,721.98,201.62,125.62,83.55,0.9626,10.3200,17.6900,2.5200,23.1500,0.8009,0,17.6900,16.4016,9.8067,0.4804,14.2615,0.6755,POST_PH4_SETTLING,16.20,-1.94,727.7,209.2,0.00,0,0,,8.512
